,Unnamed: 0.1,Unnamed: 0,RES,CHAIN,AA,SS_CLASS,PDB_dbResNum,PDB_dbResName,PDB_dbChainId,UniProt_dbAccessionId,UniProt_dbResNum,UniProt_dbResName,shifted Uni,AF_predictions,Jpred_seq,Jpred_SS_pred
0,0,0,13.0,A,R,C,13.0,ARG,A,P0A405,13.0,R,G,C,L,C
1,1,1,14.0,A,V,C,14.0,VAL,A,P0A405,14.0,V,S,C,V,C
2,2,2,15.0,A,V,C,15.0,VAL,A,P0A405,15.0,V,T,C,K,E
3,3,3,16.0,A,V,E,16.0,VAL,A,P0A405,16.0,V,G,C,P,E
4,4,4,17.0,A,D,E,17.0,ASP,A,P0A405,17.0,D,G,C,Y,C
5,5,5,18.0,A,N,E,18.0,ASN,A,P0A405,18.0,N,L,C,N,C
6,6,6,19.0,A,D,C,19.0,ASP,A,P0A405,19.0,D,L,C,G,C
7,7,7,20.0,A,P,C,20.0,PRO,A,P0A405,20.0,P,S,C,D,C
8,8,8,21.0,A,V,C,21.0,VAL,A,P0A405,21.0,V,A,H,P,C
9,9,9,22.0,A,P,C,22.0,PRO,A,P0A405,22.0,P,A,H,F,C
10,10,10,23.0,A,T,C,23.0,THR,A,P0A405,23.0,T,D,H,V,E
11,11,11,24.0,A,S,C,24.0,SER,A,P0A405,24.0,S,T,H,G,E
12,12,12,25.0,A,F,C,25.0,PHE,A,P0A405,25.0,F,E,C,H,C
13,13,13,26.0,A,E,C,26.0,GLU,A,P0A405,26.0,E,E,C,L,E
14,14,14,27.0,A,K,C,27.0,LYS,A,P0A405,27.0,K,K,E,S,E
15,15,15,28.0,A,W,C,28.0,TRP,A,P0A405,28.0,W,Y,E,T,C
16,16,16,29.0,A,A,C,29.0,ALA,A,P0A405,29.0,A,A,E,P,H
17,17,17,30.0,A,K,C,30.0,LYS,A,P0A405,30.0,K,I,E,I,H
18,18,18,31.0,A,P,C,31.0,PRO,A,P0A405,31.0,P,T,E,S,H
19,19,19,32.0,A,G,C,32.0,GLY,A,P0A405,32.0,G,W,E,D,H
20,20,20,33.0,A,H,C,33.0,HIS,A,P0A405,33.0,H,T,E,S,C
21,21,21,34.0,A,F,C,34.0,PHE,A,P0A405,34.0,F,S,E,G,H
22,22,22,35.0,A,D,C,35.0,ASP,A,P0A405,35.0,D,P,C,L,H
23,23,23,36.0,A,R,C,36.0,ARG,A,P0A405,36.0,R,K,C,V,H
24,24,24,37.0,A,T,C,37.0,THR,A,P0A405,37.0,T,E,C,K,H
25,25,25,38.0,A,L,C,38.0,LEU,A,P0A405,38.0,L,Q,E,T,H
26,26,26,39.0,A,A,C,39.0,ALA,A,P0A405,39.0,A,V,E,F,H
27,27,27,40.0,A,R,C,40.0,ARG,A,P0A405,40.0,R,F,E,I,H
28,28,28,41.0,A,G,C,41.0,GLY,A,P0A405,41.0,G,E,E,G,H
29,29,29,42.0,A,P,C,42.0,PRO,A,P0A405,42.0,P,M,C,N,C
30,30,30,43.0,A,Q,C,43.0,GLN,A,P0A405,43.0,Q,P,C,L,C
31,31,31,44.0,A,T,C,44.0,THR,A,P0A405,44.0,T,T,C,P,C
32,32,32,45.0,A,T,C,45.0,THR,A,P0A405,45.0,T,A,C,A,C
33,33,33,46.0,A,T,H,46.0,THR,A,P0A405,46.0,T,G,C,Y,C
34,34,34,47.0,A,W,H,47.0,TRP,A,P0A405,47.0,W,A,E,R,C
35,35,35,48.0,A,I,H,48.0,ILE,A,P0A405,48.0,I,A,E,Q,C
36,36,36,49.0,A,W,H,49.0,TRP,A,P0A405,49.0,W,V,E,G,C
37,37,37,50.0,A,N,H,50.0,ASN,A,P0A405,50.0,N,M,E,L,C
38,38,38,51.0,A,L,H,51.0,LEU,A,P0A405,51.0,L,R,C,S,C
39,39,39,52.0,A,H,H,52.0,HIS,A,P0A405,52.0,H,E,C,P,H
40,40,40,53.0,A,A,H,53.0,ALA,A,P0A405,53.0,A,G,E,I,H
41,41,41,54.0,A,L,C,54.0,LEU,A,P0A405,54.0,L,E,E,L,H
42,42,42,55.0,A,A,C,55.0,ALA,A,P0A405,55.0,A,N,E,R,H
43,43,43,56.0,A,H,C,56.0,HIS,A,P0A405,56.0,H,L,E,G,H
44,44,44,57.0,A,D,C,57.0,ASP,A,P0A405,57.0,D,V,E,L,H
45,45,45,58.0,A,F,C,58.0,PHE,A,P0A405,58.0,F,Y,E,E,H
46,46,46,59.0,A,D,C,59.0,ASP,A,P0A405,59.0,D,F,E,V,H
47,47,47,60.0,A,T,C,60.0,THR,A,P0A405,60.0,T,A,C,G,H
48,48,48,61.0,A,H,C,61.0,HIS,A,P0A405,61.0,H,R,C,M,H
49,49,49,62.0,A,T,C,62.0,THR,A,P0A405,62.0,T,K,H,A,H
50,50,50,63.0,A,S,C,63.0,SER,A,P0A405,63.0,S,E,H,H,H
51,51,51,64.0,A,D,C,64.0,ASP,A,P0A405,64.0,D,Q,H,G,H
52,52,52,65.0,A,L,H,65.0,LEU,A,P0A405,65.0,L,C,H,Y,H
53,53,53,66.0,A,E,H,66.0,GLU,A,P0A405,66.0,E,L,H,F,H
54,54,54,67.0,A,D,H,67.0,ASP,A,P0A405,67.0,D,A,H,L,H
55,55,55,68.0,A,I,H,68.0,ILE,A,P0A405,68.0,I,L,H,I,C
56,56,56,69.0,A,S,H,69.0,SER,A,P0A405,69.0,S,A,C,G,H
57,57,57,70.0,A,R,H,70.0,ARG,A,P0A405,70.0,R,A,C,P,H
58,58,58,71.0,A,K,H,71.0,LYS,A,P0A405,71.0,K,Q,C,W,H
59,59,59,72.0,A,I,H,72.0,ILE,A,P0A405,72.0,I,Q,C,V,H
60,60,60,73.0,A,F,H,73.0,PHE,A,P0A405,73.0,F,L,C,K,H
61,61,61,74.0,A,S,H,74.0,SER,A,P0A405,74.0,S,R,C,L,H
62,62,62,75.0,A,A,H,75.0,ALA,A,P0A405,75.0,A,P,C,G,C
63,63,63,76.0,A,H,H,76.0,HIS,A,P0A405,76.0,H,R,C,P,C
64,64,64,77.0,A,F,H,77.0,PHE,A,P0A405,77.0,F,K,C,L,C
65,65,65,78.0,A,G,H,78.0,GLY,A,P0A405,78.0,G,I,C,R,C
66,66,66,79.0,A,H,H,79.0,HIS,A,P0A405,79.0,H,N,C,D,C
67,67,67,80.0,A,L,H,80.0,LEU,A,P0A405,80.0,L,D,C,S,C
68,68,68,81.0,A,A,H,81.0,ALA,A,P0A405,81.0,A,Y,C,D,C
69,69,69,82.0,A,V,H,82.0,VAL,A,P0A405,82.0,V,K,E,V,C
70,70,70,83.0,A,V,H,83.0,VAL,A,P0A405,83.0,V,I,E,A,H
71,71,71,84.0,A,F,H,84.0,PHE,A,P0A405,84.0,F,Y,E,N,H
72,72,72,85.0,A,I,H,85.0,ILE,A,P0A405,85.0,I,R,E,L,H
73,73,73,86.0,A,W,H,86.0,TRP,A,P0A405,86.0,W,I,E,G,H
74,74,74,87.0,A,L,H,87.0,LEU,A,P0A405,87.0,L,F,C,G,H
75,75,75,88.0,A,S,H,88.0,SER,A,P0A405,88.0,S,P,C,L,H
76,76,76,89.0,A,G,H,89.0,GLY,A,P0A405,89.0,G,D,C,I,H
77,77,77,90.0,A,M,H,90.0,MET,A,P0A405,90.0,M,G,C,S,H
78,78,78,91.0,A,Y,H,91.0,TYR,A,P0A405,91.0,Y,E,C,G,H
79,79,79,92.0,A,F,H,92.0,PHE,A,P0A405,92.0,F,T,E,I,H
80,80,80,93.0,A,H,H,93.0,HIS,A,P0A405,93.0,H,V,E,A,H
81,81,81,94.0,A,G,H,94.0,GLY,A,P0A405,94.0,G,L,E,L,H
82,82,82,95.0,A,A,H,95.0,ALA,A,P0A405,95.0,A,I,E,I,H
83,83,83,96.0,A,K,H,96.0,LYS,A,P0A405,96.0,K,H,E,L,H
84,84,84,97.0,A,F,C,97.0,PHE,A,P0A405,97.0,F,P,C,V,H
85,85,85,98.0,A,S,C,98.0,SER,A,P0A405,98.0,S,K,C,A,H
86,86,86,99.0,A,N,C,99.0,ASN,A,P0A405,99.0,N,D,C,T,H
87,87,87,100.0,A,Y,H,100.0,TYR,A,P0A405,100.0,Y,G,C,A,H
88,88,88,101.0,A,E,H,101.0,GLU,A,P0A405,101.0,E,V,C,C,H
89,89,89,102.0,A,A,H,102.0,ALA,A,P0A405,102.0,A,F,C,L,H
90,90,90,103.0,A,W,H,103.0,TRP,A,P0A405,103.0,W,P,C,A,H
91,91,91,104.0,A,L,H,104.0,LEU,A,P0A405,104.0,L,E,C,A,H
92,92,92,105.0,A,A,H,105.0,ALA,A,P0A405,105.0,A,K,C,Y,H
93,93,93,106.0,A,D,C,106.0,ASP,A,P0A405,106.0,D,V,C,G,H
94,94,94,107.0,A,P,C,107.0,PRO,A,P0A405,107.0,P,N,C,L,H
95,95,95,108.0,A,T,C,108.0,THR,A,P0A405,108.0,T,K,C,V,H
96,96,96,109.0,A,G,C,109.0,GLY,A,P0A405,109.0,G,G,C,S,H
97,97,97,110.0,A,I,C,110.0,ILE,A,P0A405,110.0,I,R,C,F,C
98,98,98,111.0,A,K,C,111.0,LYS,A,P0A405,111.0,K,E,C,Q,C
99,99,99,112.0,A,P,C,112.0,PRO,A,P0A405,112.0,P,A,C,K,C
100,100,100,113.0,A,S,E,113.0,SER,A,P0A405,113.0,S,V,C,G,C
101,101,101,114.0,A,A,E,114.0,ALA,A,P0A405,114.0,A,N,C,G,C
102,102,102,115.0,A,Q,C,115.0,GLN,A,P0A405,115.0,Q,S,C,S,C
103,103,103,116.0,A,V,C,116.0,VAL,A,P0A405,116.0,V,V,C,S,C
104,104,104,117.0,A,V,C,117.0,VAL,A,P0A405,117.0,V,P,C,S,C
105,105,105,118.0,A,W,C,118.0,TRP,A,P0A405,118.0,W,R,C,D,C
106,106,106,119.0,A,P,C,119.0,PRO,A,P0A405,119.0,P,S,C,P,C
107,107,107,120.0,A,I,C,120.0,ILE,A,P0A405,120.0,I,I,C,L,C
108,108,108,121.0,A,V,C,121.0,VAL,A,P0A405,121.0,V,G,C,K,C
109,109,109,122.0,A,G,C,122.0,GLY,A,P0A405,122.0,G,Q,C,T,C
110,110,110,123.0,A,Q,C,123.0,GLN,A,P0A405,123.0,Q,N,C,S,H
111,111,111,124.0,A,G,C,124.0,GLY,A,P0A405,124.0,G,P,C,E,H
112,112,112,125.0,A,I,C,125.0,ILE,A,P0A405,125.0,I,N,C,G,H
113,113,113,126.0,A,L,C,126.0,LEU,A,P0A405,126.0,L,P,C,W,H
114,114,114,127.0,A,N,C,127.0,ASN,A,P0A405,127.0,N,S,C,S,H
115,115,115,128.0,A,G,E,128.0,GLY,A,P0A405,128.0,G,Q,C,Q,H
116,116,116,129.0,A,D,E,129.0,ASP,A,P0A405,129.0,D,L,C,F,H
117,117,117,130.0,A,V,E,130.0,VAL,A,P0A405,130.0,V,K,C,T,H
118,118,118,131.0,A,G,E,131.0,GLY,A,P0A405,131.0,G,F,C,A,H
119,119,119,132.0,A,G,C,132.0,GLY,A,P0A405,132.0,G,T,C,G,H
120,120,120,133.0,A,G,C,133.0,GLY,A,P0A405,133.0,G,G,C,F,H
121,121,121,134.0,A,F,E,134.0,PHE,A,P0A405,134.0,F,K,C,F,H
122,122,122,135.0,A,H,E,135.0,HIS,A,P0A405,135.0,H,K,C,V,H
123,123,123,136.0,A,G,E,136.0,GLY,A,P0A405,136.0,G,P,C,G,H
124,124,124,137.0,A,I,E,137.0,ILE,A,P0A405,137.0,I,Y,C,A,H
125,125,125,138.0,A,Q,E,138.0,GLN,A,P0A405,138.0,Q,D,C,M,H
126,126,126,139.0,A,I,C,139.0,ILE,A,P0A405,139.0,I,T,C,G,H
127,127,127,140.0,A,T,C,140.0,THR,A,P0A405,140.0,T,T,C,S,H
128,128,128,141.0,A,S,C,141.0,SER,A,P0A405,141.0,S,L,C,A,H
129,129,129,142.0,A,G,C,142.0,GLY,A,P0A405,142.0,G,T,C,F,H
130,130,130,143.0,A,L,H,143.0,LEU,A,P0A405,143.0,L,G,C,V,H
131,131,131,144.0,A,F,H,144.0,PHE,A,P0A405,144.0,F,Q,C,A,H
132,132,132,145.0,A,Q,H,145.0,GLN,A,P0A405,145.0,Q,P,C,F,H
133,133,133,146.0,A,L,H,146.0,LEU,A,P0A405,146.0,L,P,C,F,H
134,134,134,147.0,A,W,H,147.0,TRP,A,P0A405,147.0,W,L,C,L,H
135,135,135,148.0,A,R,H,148.0,ARG,A,P0A405,148.0,R,Y,C,L,H
136,136,136,149.0,A,A,H,149.0,ALA,A,P0A405,149.0,A,G,C,E,H
137,137,137,150.0,A,S,H,150.0,SER,A,P0A405,150.0,S,G,C,N,C
138,138,138,151.0,A,G,C,151.0,GLY,A,P0A405,151.0,G,S,C,F,H
139,139,139,152.0,A,I,C,152.0,ILE,A,P0A405,152.0,I,T,C,L,H
140,140,140,153.0,A,T,C,153.0,THR,A,P0A405,153.0,T,G,C,V,H
141,141,141,154.0,A,N,C,154.0,ASN,A,P0A405,154.0,N,G,C,V,H
142,142,142,155.0,A,E,H,155.0,GLU,A,P0A405,155.0,E,L,C,D,H
143,143,143,156.0,A,F,H,156.0,PHE,A,P0A405,156.0,F,L,C,G,H
144,144,144,157.0,A,Q,H,157.0,GLN,A,P0A405,157.0,Q,S,C,I,H
145,145,145,158.0,A,L,H,158.0,LEU,A,P0A405,158.0,L,A,H,M,H
146,146,146,159.0,A,Y,H,159.0,TYR,A,P0A405,159.0,Y,A,H,T,H
147,147,147,160.0,A,C,H,160.0,CYS,A,P0A405,160.0,C,D,H,G,C
148,148,148,161.0,A,T,H,161.0,THR,A,P0A405,161.0,T,T,H,L,C
149,149,149,162.0,A,A,H,162.0,ALA,A,P0A405,162.0,A,E,C,F,C
150,150,150,163.0,A,I,H,163.0,ILE,A,P0A405,163.0,I,E,C,N,C
151,151,151,164.0,A,G,H,164.0,GLY,A,P0A405,164.0,G,K,E,,
152,152,152,165.0,A,G,H,165.0,GLY,A,P0A405,165.0,G,Y,E,,
153,153,153,166.0,A,L,H,166.0,LEU,A,P0A405,166.0,L,A,E,,
154,154,154,167.0,A,V,H,167.0,VAL,A,P0A405,167.0,V,I,E,,
155,155,155,168.0,A,M,H,168.0,MET,A,P0A405,168.0,M,T,E,,
156,156,156,169.0,A,A,H,169.0,ALA,A,P0A405,169.0,A,W,E,,
157,157,157,170.0,A,G,H,170.0,GLY,A,P0A405,170.0,G,T,E,,
158,158,158,171.0,A,L,H,171.0,LEU,A,P0A405,171.0,L,S,E,,
159,159,159,172.0,A,M,H,172.0,MET,A,P0A405,172.0,M,P,C,,
160,160,160,173.0,A,L,H,173.0,LEU,A,P0A405,173.0,L,K,C,,
161,161,161,174.0,A,F,H,174.0,PHE,A,P0A405,174.0,F,E,C,,
162,162,162,175.0,A,A,H,175.0,ALA,A,P0A405,175.0,A,Q,E,,
163,163,163,176.0,A,G,H,176.0,GLY,A,P0A405,176.0,G,V,E,,
164,164,164,177.0,A,W,H,177.0,TRP,A,P0A405,177.0,W,F,E,,
165,165,165,178.0,A,F,C,178.0,PHE,A,P0A405,178.0,F,E,E,,
166,166,166,179.0,A,H,C,179.0,HIS,A,P0A405,179.0,H,M,C,,
167,167,167,180.0,A,Y,C,180.0,TYR,A,P0A405,180.0,Y,P,C,,
168,168,168,181.0,A,H,C,181.0,HIS,A,P0A405,181.0,H,T,C,,
169,169,169,182.0,A,K,C,182.0,LYS,A,P0A405,182.0,K,A,C,,
170,170,170,183.0,A,R,E,183.0,ARG,A,P0A405,183.0,R,G,C,,
171,171,171,184.0,A,A,E,184.0,ALA,A,P0A405,184.0,A,A,E,,
172,172,172,185.0,A,P,E,185.0,PRO,A,P0A405,185.0,P,A,E,,
173,173,173,186.0,A,K,C,186.0,LYS,A,P0A405,186.0,K,V,E,,
174,174,174,187.0,A,L,H,187.0,LEU,A,P0A405,187.0,L,M,E,,
175,175,175,188.0,A,E,H,188.0,GLU,A,P0A405,188.0,E,R,C,,
176,176,176,189.0,A,W,H,189.0,TRP,A,P0A405,189.0,W,E,C,,
177,177,177,190.0,A,F,H,190.0,PHE,A,P0A405,190.0,F,G,E,,
178,178,178,191.0,A,Q,C,191.0,GLN,A,P0A405,191.0,Q,E,E,,
179,179,179,192.0,A,N,C,192.0,ASN,A,P0A405,192.0,N,N,E,,
180,180,180,193.0,A,V,H,193.0,VAL,A,P0A405,193.0,V,L,E,,
181,181,181,194.0,A,E,H,194.0,GLU,A,P0A405,194.0,E,V,E,,
182,182,182,195.0,A,S,H,195.0,SER,A,P0A405,195.0,S,Y,E,,
183,183,183,196.0,A,M,H,196.0,MET,A,P0A405,196.0,M,F,E,,
184,184,184,197.0,A,L,H,197.0,LEU,A,P0A405,197.0,L,A,C,,
185,185,185,198.0,A,N,H,198.0,ASN,A,P0A405,198.0,N,R,C,,
186,186,186,199.0,A,H,C,199.0,HIS,A,P0A405,199.0,H,K,H,,
187,187,187,200.0,A,H,C,200.0,HIS,A,P0A405,200.0,H,E,H,,
188,188,188,201.0,A,L,C,201.0,LEU,A,P0A405,201.0,L,Q,H,,
189,189,189,202.0,A,A,C,202.0,ALA,A,P0A405,202.0,A,C,H,,
190,190,190,203.0,A,G,C,203.0,GLY,A,P0A405,203.0,G,L,H,,
191,191,191,204.0,A,L,C,204.0,LEU,A,P0A405,204.0,L,A,H,,
192,192,192,205.0,A,L,C,205.0,LEU,A,P0A405,205.0,L,L,H,,
193,193,193,206.0,A,G,C,206.0,GLY,A,P0A405,206.0,G,A,C,,
194,194,194,207.0,A,L,C,207.0,LEU,A,P0A405,207.0,L,A,C,,
195,195,195,208.0,A,G,H,208.0,GLY,A,P0A405,208.0,G,Q,C,,
196,196,196,209.0,A,S,H,209.0,SER,A,P0A405,209.0,S,Q,C,,
197,197,197,210.0,A,L,H,210.0,LEU,A,P0A405,210.0,L,L,C,,
198,198,198,211.0,A,A,H,211.0,ALA,A,P0A405,211.0,A,R,C,,
199,199,199,212.0,A,W,H,212.0,TRP,A,P0A405,212.0,W,P,C,,
200,200,200,213.0,A,A,H,213.0,ALA,A,P0A405,213.0,A,R,C,,
201,201,201,214.0,A,G,H,214.0,GLY,A,P0A405,214.0,G,K,C,,
202,202,202,215.0,A,H,H,215.0,HIS,A,P0A405,215.0,H,I,C,,
203,203,203,216.0,A,Q,C,216.0,GLN,A,P0A405,216.0,Q,N,C,,
204,204,204,217.0,A,I,C,217.0,ILE,A,P0A405,217.0,I,D,C,,
205,205,205,218.0,A,H,C,218.0,HIS,A,P0A405,218.0,H,Y,C,,
206,206,206,219.0,A,V,C,219.0,VAL,A,P0A405,219.0,V,K,E,,
207,207,207,220.0,A,S,C,220.0,SER,A,P0A405,220.0,S,I,E,,
208,208,208,221.0,A,L,H,221.0,LEU,A,P0A405,221.0,L,Y,E,,
209,209,209,222.0,A,P,H,222.0,PRO,A,P0A405,222.0,P,R,E,,
210,210,210,223.0,A,I,H,223.0,ILE,A,P0A405,223.0,I,I,E,,
211,211,211,224.0,A,N,H,224.0,ASN,A,P0A405,224.0,N,F,C,,
212,212,212,225.0,A,K,H,225.0,LYS,A,P0A405,225.0,K,P,C,,
213,213,213,226.0,A,L,H,226.0,LEU,A,P0A405,226.0,L,D,C,,
214,214,214,227.0,A,L,H,227.0,LEU,A,P0A405,227.0,L,G,C,,
215,215,215,228.0,A,D,C,228.0,ASP,A,P0A405,228.0,D,E,C,,
216,216,216,229.0,A,A,C,229.0,ALA,A,P0A405,229.0,A,T,E,,
217,217,217,230.0,A,G,C,230.0,GLY,A,P0A405,230.0,G,V,E,,
218,218,218,231.0,A,V,C,231.0,VAL,A,P0A405,231.0,V,L,E,,
219,219,219,232.0,A,A,C,232.0,ALA,A,P0A405,232.0,A,I,E,,
220,220,220,233.0,A,A,C,233.0,ALA,A,P0A405,233.0,A,H,E,,
221,221,221,234.0,A,K,C,234.0,LYS,A,P0A405,234.0,K,P,C,,
222,222,222,235.0,A,D,C,235.0,ASP,A,P0A405,235.0,D,K,C,,
223,223,223,236.0,A,I,C,236.0,ILE,A,P0A405,236.0,I,D,C,,
224,224,224,237.0,A,P,C,237.0,PRO,A,P0A405,237.0,P,G,C,,
225,225,225,238.0,A,L,C,238.0,LEU,A,P0A405,238.0,L,V,C,,
226,226,226,239.0,A,P,C,239.0,PRO,A,P0A405,239.0,P,F,C,,
227,227,227,240.0,A,H,C,240.0,HIS,A,P0A405,240.0,H,P,C,,
228,228,228,241.0,A,E,H,241.0,GLU,A,P0A405,241.0,E,E,C,,
229,229,229,242.0,A,F,H,242.0,PHE,A,P0A405,242.0,F,K,C,,
230,230,230,243.0,A,I,H,243.0,ILE,A,P0A405,243.0,I,V,C,,
231,231,231,244.0,A,L,H,244.0,LEU,A,P0A405,244.0,L,N,C,,
232,232,232,245.0,A,N,C,245.0,ASN,A,P0A405,245.0,N,K,C,,
233,233,233,246.0,A,P,H,246.0,PRO,A,P0A405,246.0,P,G,C,,
234,234,234,247.0,A,S,H,247.0,SER,A,P0A405,247.0,S,R,C,,
235,235,235,248.0,A,L,H,248.0,LEU,A,P0A405,248.0,L,E,C,,
236,236,236,249.0,A,M,H,249.0,MET,A,P0A405,249.0,M,A,C,,
237,237,237,250.0,A,A,H,250.0,ALA,A,P0A405,250.0,A,V,C,,
238,238,238,251.0,A,E,H,251.0,GLU,A,P0A405,251.0,E,N,C,,
239,239,239,252.0,A,L,C,252.0,LEU,A,P0A405,252.0,L,S,C,,
240,240,240,253.0,A,Y,C,253.0,TYR,A,P0A405,253.0,Y,V,C,,
241,241,241,254.0,A,P,C,254.0,PRO,A,P0A405,254.0,P,P,C,,
242,242,242,255.0,A,K,C,255.0,LYS,A,P0A405,255.0,K,R,C,,
243,243,243,256.0,A,V,C,256.0,VAL,A,P0A405,256.0,V,S,C,,
244,244,244,257.0,A,D,C,257.0,ASP,A,P0A405,257.0,D,I,C,,
245,245,245,258.0,A,W,C,258.0,TRP,A,P0A405,258.0,W,G,C,,
246,246,246,259.0,A,G,C,259.0,GLY,A,P0A405,259.0,G,Q,C,,
247,247,247,260.0,A,F,C,260.0,PHE,A,P0A405,260.0,F,N,C,,
248,248,248,261.0,A,F,C,261.0,PHE,A,P0A405,261.0,F,P,C,,
249,249,249,262.0,A,S,C,262.0,SER,A,P0A405,262.0,S,N,C,,
250,250,250,266.0,A,P,C,266.0,PRO,A,P0A405,266.0,P,P,C,,
251,251,251,267.0,A,F,C,267.0,PHE,A,P0A405,267.0,F,S,C,,
252,252,252,268.0,A,F,C,268.0,PHE,A,P0A405,268.0,F,Q,C,,
253,253,253,269.0,A,T,C,269.0,THR,A,P0A405,269.0,T,L,C,,
254,254,254,270.0,A,F,C,270.0,PHE,A,P0A405,270.0,F,K,C,,
255,255,255,271.0,A,N,C,271.0,ASN,A,P0A405,271.0,N,F,C,,
256,256,256,272.0,A,W,C,272.0,TRP,A,P0A405,272.0,W,T,C,,
257,257,257,273.0,A,A,C,273.0,ALA,A,P0A405,273.0,A,G,C,,
258,258,258,274.0,A,A,C,274.0,ALA,A,P0A405,274.0,A,K,C,,
259,259,259,275.0,A,Y,C,275.0,TYR,A,P0A405,275.0,Y,K,C,,
260,260,260,276.0,A,S,C,276.0,SER,A,P0A405,276.0,S,P,C,,
261,261,261,277.0,A,D,C,277.0,ASP,A,P0A405,277.0,D,Y,C,,
262,262,262,278.0,A,F,C,278.0,PHE,A,P0A405,278.0,F,D,C,,
263,263,263,279.0,A,L,C,279.0,LEU,A,P0A405,279.0,L,T,C,,
264,264,264,280.0,A,T,C,280.0,THR,A,P0A405,280.0,T,T,C,,
265,265,265,281.0,A,F,C,281.0,PHE,A,P0A405,281.0,F,L,C,,
266,266,266,282.0,A,N,C,282.0,ASN,A,P0A405,282.0,N,T,C,,
267,267,267,283.0,A,G,C,283.0,GLY,A,P0A405,283.0,G,G,C,,
268,268,268,284.0,A,G,C,284.0,GLY,A,P0A405,284.0,G,Q,C,,
269,269,269,285.0,A,L,C,285.0,LEU,A,P0A405,285.0,L,P,C,,
270,270,270,286.0,A,N,C,286.0,ASN,A,P0A405,286.0,N,P,C,,
271,271,271,287.0,A,P,C,287.0,PRO,A,P0A405,287.0,P,L,C,,
272,272,272,288.0,A,V,C,288.0,VAL,A,P0A405,288.0,V,Y,C,,
273,273,273,289.0,A,T,C,289.0,THR,A,P0A405,289.0,T,G,C,,
274,274,274,290.0,A,G,C,290.0,GLY,A,P0A405,290.0,G,G,C,,
275,275,275,291.0,A,G,C,291.0,GLY,A,P0A405,291.0,G,S,C,,
276,276,276,292.0,A,L,C,292.0,LEU,A,P0A405,292.0,L,T,C,,
277,277,277,293.0,A,W,C,293.0,TRP,A,P0A405,293.0,W,G,C,,
278,278,278,294.0,A,L,H,294.0,LEU,A,P0A405,294.0,L,G,C,,
279,279,279,295.0,A,S,H,295.0,SER,A,P0A405,295.0,S,L,C,,
280,280,280,296.0,A,D,H,296.0,ASP,A,P0A405,296.0,D,L,C,,
281,281,281,297.0,A,T,H,297.0,THR,A,P0A405,297.0,T,S,C,,
282,282,282,298.0,A,A,H,298.0,ALA,A,P0A405,298.0,A,A,H,,
283,283,283,299.0,A,H,H,299.0,HIS,A,P0A405,299.0,H,A,H,,
284,284,284,300.0,A,H,H,300.0,HIS,A,P0A405,300.0,H,D,H,,
285,285,285,301.0,A,H,H,301.0,HIS,A,P0A405,301.0,H,T,H,,
286,286,286,302.0,A,L,H,302.0,LEU,A,P0A405,302.0,L,E,C,,
287,287,287,303.0,A,A,H,303.0,ALA,A,P0A405,303.0,A,E,C,,
288,288,288,304.0,A,I,H,304.0,ILE,A,P0A405,304.0,I,K,E,,
289,289,289,305.0,A,A,H,305.0,ALA,A,P0A405,305.0,A,Y,E,,
290,290,290,306.0,A,V,H,306.0,VAL,A,P0A405,306.0,V,A,E,,
291,291,291,307.0,A,L,H,307.0,LEU,A,P0A405,307.0,L,I,E,,
292,292,292,308.0,A,F,H,308.0,PHE,A,P0A405,308.0,F,T,E,,
293,293,293,309.0,A,I,H,309.0,ILE,A,P0A405,309.0,I,W,E,,
294,294,294,310.0,A,I,H,310.0,ILE,A,P0A405,310.0,I,T,E,,
295,295,295,311.0,A,A,H,311.0,ALA,A,P0A405,311.0,A,S,E,,
296,296,296,312.0,A,G,C,312.0,GLY,A,P0A405,312.0,G,P,C,,
297,297,297,313.0,A,H,C,313.0,HIS,A,P0A405,313.0,H,K,C,,
298,298,298,314.0,A,M,C,314.0,MET,A,P0A405,314.0,M,E,C,,
299,299,299,315.0,A,Y,C,315.0,TYR,A,P0A405,315.0,Y,Q,E,,
300,300,300,316.0,A,R,C,316.0,ARG,A,P0A405,316.0,R,V,E,,
301,301,301,317.0,A,T,C,317.0,THR,A,P0A405,317.0,T,F,E,,
302,302,302,318.0,A,N,C,318.0,ASN,A,P0A405,318.0,N,E,E,,
303,303,303,319.0,A,W,C,319.0,TRP,A,P0A405,319.0,W,M,C,,
304,304,304,320.0,A,G,C,320.0,GLY,A,P0A405,320.0,G,P,C,,
305,305,305,321.0,A,I,C,321.0,ILE,A,P0A405,321.0,I,T,C,,
306,306,306,322.0,A,G,C,322.0,GLY,A,P0A405,322.0,G,A,C,,
307,307,307,323.0,A,H,C,323.0,HIS,A,P0A405,323.0,H,G,C,,
308,308,308,324.0,A,S,C,324.0,SER,A,P0A405,324.0,S,A,E,,
309,309,309,325.0,A,L,H,325.0,LEU,A,P0A405,325.0,L,A,E,,
310,310,310,326.0,A,K,H,326.0,LYS,A,P0A405,326.0,K,V,E,,
311,311,311,327.0,A,E,H,327.0,GLU,A,P0A405,327.0,E,M,E,,
312,312,312,328.0,A,I,H,328.0,ILE,A,P0A405,328.0,I,R,C,,
313,313,313,329.0,A,L,H,329.0,LEU,A,P0A405,329.0,L,E,C,,
314,314,314,330.0,A,E,H,330.0,GLU,A,P0A405,330.0,E,G,E,,
315,315,315,331.0,A,A,H,331.0,ALA,A,P0A405,331.0,A,E,E,,
316,316,316,332.0,A,H,C,332.0,HIS,A,P0A405,332.0,H,N,E,,
317,317,317,333.0,A,K,C,333.0,LYS,A,P0A405,333.0,K,L,E,,
318,318,318,334.0,A,G,C,334.0,GLY,A,P0A405,334.0,G,V,E,,
319,319,319,335.0,A,P,C,335.0,PRO,A,P0A405,335.0,P,Y,E,,
320,320,320,336.0,A,F,C,336.0,PHE,A,P0A405,336.0,F,F,E,,
321,321,321,337.0,A,T,C,337.0,THR,A,P0A405,337.0,T,A,C,,
322,322,322,338.0,A,G,C,338.0,GLY,A,P0A405,338.0,G,R,C,,
323,323,323,339.0,A,A,C,339.0,ALA,A,P0A405,339.0,A,K,H,,
324,324,324,340.0,A,G,C,340.0,GLY,A,P0A405,340.0,G,E,H,,
325,325,325,341.0,A,H,C,341.0,HIS,A,P0A405,341.0,H,Q,H,,
326,326,326,342.0,A,K,C,342.0,LYS,A,P0A405,342.0,K,C,H,,
327,327,327,343.0,A,G,C,343.0,GLY,A,P0A405,343.0,G,L,H,,
328,328,328,344.0,A,L,H,344.0,LEU,A,P0A405,344.0,L,A,H,,
329,329,329,345.0,A,Y,H,345.0,TYR,A,P0A405,345.0,Y,L,H,,
330,330,330,346.0,A,E,H,346.0,GLU,A,P0A405,346.0,E,A,C,,
331,331,331,347.0,A,V,H,347.0,VAL,A,P0A405,347.0,V,A,C,,
332,332,332,348.0,A,L,H,348.0,LEU,A,P0A405,348.0,L,Q,C,,
333,333,333,349.0,A,T,H,349.0,THR,A,P0A405,349.0,T,Q,C,,
334,334,334,350.0,A,T,H,350.0,THR,A,P0A405,350.0,T,L,C,,
335,335,335,351.0,A,S,C,351.0,SER,A,P0A405,351.0,S,R,C,,
336,336,336,352.0,A,W,H,352.0,TRP,A,P0A405,352.0,W,P,C,,
337,337,337,353.0,A,H,H,353.0,HIS,A,P0A405,353.0,H,R,C,,
338,338,338,354.0,A,A,H,354.0,ALA,A,P0A405,354.0,A,K,C,,
339,339,339,355.0,A,Q,H,355.0,GLN,A,P0A405,355.0,Q,I,C,,
340,340,340,356.0,A,L,H,356.0,LEU,A,P0A405,356.0,L,N,C,,
341,341,341,357.0,A,A,H,357.0,ALA,A,P0A405,357.0,A,D,C,,
342,342,342,358.0,A,I,H,358.0,ILE,A,P0A405,358.0,I,Y,C,,
343,343,343,359.0,A,N,H,359.0,ASN,A,P0A405,359.0,N,T,C,,
344,344,344,360.0,A,L,H,360.0,LEU,A,P0A405,360.0,L,T,C,,
345,345,345,361.0,A,A,H,361.0,ALA,A,P0A405,361.0,A,L,C,,
346,346,346,362.0,A,M,H,362.0,MET,A,P0A405,362.0,M,T,C,,
347,347,347,363.0,A,M,H,363.0,MET,A,P0A405,363.0,M,G,C,,
348,348,348,364.0,A,G,H,364.0,GLY,A,P0A405,364.0,G,Q,C,,
349,349,349,365.0,A,S,H,365.0,SER,A,P0A405,365.0,S,P,C,,
350,350,350,366.0,A,L,H,366.0,LEU,A,P0A405,366.0,L,P,C,,
351,351,351,367.0,A,S,H,367.0,SER,A,P0A405,367.0,S,L,C,,
352,352,352,368.0,A,I,H,368.0,ILE,A,P0A405,368.0,I,Y,C,,
353,353,353,369.0,A,I,H,369.0,ILE,A,P0A405,369.0,I,G,C,,
354,354,354,370.0,A,V,H,370.0,VAL,A,P0A405,370.0,V,G,C,,
355,355,355,371.0,A,A,H,371.0,ALA,A,P0A405,371.0,A,S,C,,
356,356,356,372.0,A,Q,H,372.0,GLN,A,P0A405,372.0,Q,T,C,,
357,357,357,373.0,A,H,H,373.0,HIS,A,P0A405,373.0,H,G,C,,
358,358,358,374.0,A,M,H,374.0,MET,A,P0A405,374.0,M,G,C,,
359,359,359,375.0,A,Y,H,375.0,TYR,A,P0A405,375.0,Y,L,C,,
360,360,360,376.0,A,A,H,376.0,ALA,A,P0A405,376.0,A,L,C,,
361,361,361,377.0,A,M,C,377.0,MET,A,P0A405,377.0,M,S,C,,
362,362,362,378.0,A,P,C,378.0,PRO,A,P0A405,378.0,P,A,H,,
363,363,363,379.0,A,P,C,379.0,PRO,A,P0A405,379.0,P,A,H,,
364,364,364,380.0,A,Y,C,380.0,TYR,A,P0A405,380.0,Y,D,H,,
365,365,365,381.0,A,P,C,381.0,PRO,A,P0A405,381.0,P,T,H,,
366,366,366,382.0,A,Y,C,382.0,TYR,A,P0A405,382.0,Y,E,C,,
367,367,367,383.0,A,L,C,383.0,LEU,A,P0A405,383.0,L,E,C,,
368,368,368,384.0,A,A,C,384.0,ALA,A,P0A405,384.0,A,K,E,,
369,369,369,385.0,A,T,C,385.0,THR,A,P0A405,385.0,T,Y,E,,
370,370,370,386.0,A,D,C,386.0,ASP,A,P0A405,386.0,D,A,E,,
371,371,371,387.0,A,Y,H,387.0,TYR,A,P0A405,387.0,Y,I,E,,
372,372,372,388.0,A,P,H,388.0,PRO,A,P0A405,388.0,P,T,E,,
373,373,373,389.0,A,T,H,389.0,THR,A,P0A405,389.0,T,W,E,,
374,374,374,390.0,A,Q,H,390.0,GLN,A,P0A405,390.0,Q,T,E,,
375,375,375,391.0,A,L,H,391.0,LEU,A,P0A405,391.0,L,S,E,,
376,376,376,392.0,A,S,H,392.0,SER,A,P0A405,392.0,S,P,C,,
377,377,377,393.0,A,L,H,393.0,LEU,A,P0A405,393.0,L,K,C,,
378,378,378,394.0,A,F,H,394.0,PHE,A,P0A405,394.0,F,E,C,,
379,379,379,395.0,A,T,H,395.0,THR,A,P0A405,395.0,T,Q,E,,
380,380,380,396.0,A,H,H,396.0,HIS,A,P0A405,396.0,H,V,E,,
381,381,381,397.0,A,H,H,397.0,HIS,A,P0A405,397.0,H,F,E,,
382,382,382,398.0,A,M,H,398.0,MET,A,P0A405,398.0,M,E,E,,
383,383,383,399.0,A,W,H,399.0,TRP,A,P0A405,399.0,W,M,C,,
384,384,384,400.0,A,I,H,400.0,ILE,A,P0A405,400.0,I,P,C,,
385,385,385,401.0,A,G,H,401.0,GLY,A,P0A405,401.0,G,T,C,,
386,386,386,402.0,A,G,H,402.0,GLY,A,P0A405,402.0,G,A,C,,
387,387,387,403.0,A,F,H,403.0,PHE,A,P0A405,403.0,F,G,C,,
388,388,388,404.0,A,L,H,404.0,LEU,A,P0A405,404.0,L,A,E,,
389,389,389,405.0,A,V,H,405.0,VAL,A,P0A405,405.0,V,A,E,,
390,390,390,406.0,A,V,H,406.0,VAL,A,P0A405,406.0,V,V,E,,
391,391,391,407.0,A,G,H,407.0,GLY,A,P0A405,407.0,G,M,E,,
392,392,392,408.0,A,G,H,408.0,GLY,A,P0A405,408.0,G,R,C,,
393,393,393,409.0,A,A,H,409.0,ALA,A,P0A405,409.0,A,E,C,,
394,394,394,410.0,A,A,H,410.0,ALA,A,P0A405,410.0,A,G,E,,
395,395,395,411.0,A,H,H,411.0,HIS,A,P0A405,411.0,H,E,E,,
396,396,396,412.0,A,G,H,412.0,GLY,A,P0A405,412.0,G,N,E,,
397,397,397,413.0,A,A,H,413.0,ALA,A,P0A405,413.0,A,L,E,,
398,398,398,414.0,A,I,H,414.0,ILE,A,P0A405,414.0,I,V,E,,
399,399,399,415.0,A,F,H,415.0,PHE,A,P0A405,415.0,F,Y,E,,
400,400,400,416.0,A,M,H,416.0,MET,A,P0A405,416.0,M,F,E,,
401,401,401,417.0,A,V,H,417.0,VAL,A,P0A405,417.0,V,A,C,,
402,402,402,418.0,A,R,H,418.0,ARG,A,P0A405,418.0,R,R,C,,
403,403,403,419.0,A,D,C,419.0,ASP,A,P0A405,419.0,D,K,H,,
404,404,404,420.0,A,Y,C,420.0,TYR,A,P0A405,420.0,Y,E,H,,
405,405,405,421.0,A,D,C,421.0,ASP,A,P0A405,421.0,D,Q,H,,
406,406,406,422.0,A,P,C,422.0,PRO,A,P0A405,422.0,P,C,H,,
407,407,407,423.0,A,A,C,423.0,ALA,A,P0A405,423.0,A,L,H,,
408,408,408,424.0,A,M,C,424.0,MET,A,P0A405,424.0,M,A,H,,
409,409,409,425.0,A,N,C,425.0,ASN,A,P0A405,425.0,N,L,H,,
410,410,410,426.0,A,Q,C,426.0,GLN,A,P0A405,426.0,Q,A,C,,
411,411,411,427.0,A,N,C,427.0,ASN,A,P0A405,427.0,N,A,C,,
412,412,412,428.0,A,N,C,428.0,ASN,A,P0A405,428.0,N,Q,C,,
413,413,413,429.0,A,V,H,429.0,VAL,A,P0A405,429.0,V,Q,C,,
414,414,414,430.0,A,L,H,430.0,LEU,A,P0A405,430.0,L,L,C,,
415,415,415,431.0,A,D,H,431.0,ASP,A,P0A405,431.0,D,R,C,,
416,416,416,432.0,A,R,H,432.0,ARG,A,P0A405,432.0,R,P,C,,
417,417,417,433.0,A,V,H,433.0,VAL,A,P0A405,433.0,V,R,C,,
418,418,418,434.0,A,L,H,434.0,LEU,A,P0A405,434.0,L,K,C,,
419,419,419,435.0,A,R,C,435.0,ARG,A,P0A405,435.0,R,I,C,,
420,420,420,436.0,A,H,C,436.0,HIS,A,P0A405,436.0,H,N,C,,
421,421,421,437.0,A,R,H,437.0,ARG,A,P0A405,437.0,R,D,C,,
422,422,422,438.0,A,D,H,438.0,ASP,A,P0A405,438.0,D,Y,C,,
423,423,423,439.0,A,A,H,439.0,ALA,A,P0A405,439.0,A,K,E,,
424,424,424,440.0,A,I,H,440.0,ILE,A,P0A405,440.0,I,I,E,,
425,425,425,441.0,A,I,H,441.0,ILE,A,P0A405,441.0,I,Y,E,,
426,426,426,442.0,A,S,H,442.0,SER,A,P0A405,442.0,S,R,E,,
427,427,427,443.0,A,H,H,443.0,HIS,A,P0A405,443.0,H,I,E,,
428,428,428,444.0,A,L,H,444.0,LEU,A,P0A405,444.0,L,F,C,,
429,429,429,445.0,A,N,H,445.0,ASN,A,P0A405,445.0,N,P,C,,
430,430,430,446.0,A,W,H,446.0,TRP,A,P0A405,446.0,W,D,C,,
431,431,431,447.0,A,V,H,447.0,VAL,A,P0A405,447.0,V,G,C,,
432,432,432,448.0,A,C,H,448.0,CYS,A,P0A405,448.0,C,E,C,,
433,433,433,449.0,A,I,H,449.0,ILE,A,P0A405,449.0,I,T,E,,
434,434,434,450.0,A,F,H,450.0,PHE,A,P0A405,450.0,F,V,E,,
435,435,435,451.0,A,L,H,451.0,LEU,A,P0A405,451.0,L,L,E,,
436,436,436,452.0,A,G,H,452.0,GLY,A,P0A405,452.0,G,I,E,,
437,437,437,453.0,A,F,H,453.0,PHE,A,P0A405,453.0,F,H,E,,
438,438,438,454.0,A,H,H,454.0,HIS,A,P0A405,454.0,H,P,C,,
439,439,439,455.0,A,S,H,455.0,SER,A,P0A405,455.0,S,K,C,,
440,440,440,456.0,A,F,H,456.0,PHE,A,P0A405,456.0,F,D,C,,
441,441,441,457.0,A,G,H,457.0,GLY,A,P0A405,457.0,G,G,C,,
442,442,442,458.0,A,L,H,458.0,LEU,A,P0A405,458.0,L,V,C,,
443,443,443,459.0,A,Y,H,459.0,TYR,A,P0A405,459.0,Y,F,C,,
444,444,444,460.0,A,V,H,460.0,VAL,A,P0A405,460.0,V,P,C,,
445,445,445,461.0,A,H,H,461.0,HIS,A,P0A405,461.0,H,E,C,,
446,446,446,462.0,A,N,H,462.0,ASN,A,P0A405,462.0,N,K,C,,
447,447,447,463.0,A,D,H,463.0,ASP,A,P0A405,463.0,D,V,C,,
448,448,448,464.0,A,T,H,464.0,THR,A,P0A405,464.0,T,N,C,,
449,449,449,465.0,A,M,H,465.0,MET,A,P0A405,465.0,M,K,C,,
450,450,450,466.0,A,R,H,466.0,ARG,A,P0A405,466.0,R,G,C,,
451,451,451,467.0,A,A,H,467.0,ALA,A,P0A405,467.0,A,R,C,,
452,452,452,468.0,A,F,H,468.0,PHE,A,P0A405,468.0,F,E,C,,
453,453,453,469.0,A,G,C,469.0,GLY,A,P0A405,469.0,G,A,C,,
454,454,454,470.0,A,R,C,470.0,ARG,A,P0A405,470.0,R,V,C,,
455,455,455,471.0,A,P,C,471.0,PRO,A,P0A405,471.0,P,N,C,,
456,456,456,472.0,A,Q,C,472.0,GLN,A,P0A405,472.0,Q,S,C,,
457,457,457,473.0,A,D,C,473.0,ASP,A,P0A405,473.0,D,V,C,,
458,458,458,474.0,A,M,C,474.0,MET,A,P0A405,474.0,M,P,C,,
459,459,459,475.0,A,F,C,475.0,PHE,A,P0A405,475.0,F,R,C,,
460,460,460,476.0,A,S,C,476.0,SER,A,P0A405,476.0,S,S,C,,
461,461,461,477.0,A,D,C,477.0,ASP,A,P0A405,477.0,D,I,C,,
462,462,462,478.0,A,T,C,478.0,THR,A,P0A405,478.0,T,G,C,,
463,463,463,479.0,A,G,C,479.0,GLY,A,P0A405,479.0,G,Q,C,,
464,464,464,480.0,A,I,C,480.0,ILE,A,P0A405,480.0,I,N,C,,
465,465,465,481.0,A,Q,C,481.0,GLN,A,P0A405,481.0,Q,P,C,,
466,466,466,482.0,A,L,C,482.0,LEU,A,P0A405,482.0,L,N,C,,
467,467,467,483.0,A,Q,C,483.0,GLN,A,P0A405,483.0,Q,P,C,,
468,468,468,484.0,A,P,C,484.0,PRO,A,P0A405,484.0,P,S,C,,
469,469,469,485.0,A,V,H,485.0,VAL,A,P0A405,485.0,V,Q,C,,
470,470,470,486.0,A,F,H,486.0,PHE,A,P0A405,486.0,F,L,C,,
471,471,471,487.0,A,A,H,487.0,ALA,A,P0A405,487.0,A,K,C,,
472,472,472,488.0,A,Q,H,488.0,GLN,A,P0A405,488.0,Q,F,C,,
473,473,473,489.0,A,W,H,489.0,TRP,A,P0A405,489.0,W,T,C,,
474,474,474,490.0,A,V,H,490.0,VAL,A,P0A405,490.0,V,G,C,,
475,475,475,491.0,A,Q,H,491.0,GLN,A,P0A405,491.0,Q,K,C,,
476,476,476,492.0,A,N,H,492.0,ASN,A,P0A405,492.0,N,K,C,,
477,477,477,493.0,A,L,H,493.0,LEU,A,P0A405,493.0,L,P,C,,
478,478,478,494.0,A,H,H,494.0,HIS,A,P0A405,494.0,H,Y,C,,
479,479,479,495.0,A,T,H,495.0,THR,A,P0A405,495.0,T,D,C,,
480,480,480,496.0,A,L,H,496.0,LEU,A,P0A405,496.0,L,T,C,,
481,481,481,497.0,A,A,C,497.0,ALA,A,P0A405,497.0,A,T,C,,
482,482,482,498.0,A,P,C,498.0,PRO,A,P0A405,498.0,P,L,C,,
483,483,483,499.0,A,G,C,499.0,GLY,A,P0A405,499.0,G,T,C,,
484,484,484,500.0,A,G,C,500.0,GLY,A,P0A405,500.0,G,G,C,,
485,485,485,501.0,A,T,C,501.0,THR,A,P0A405,501.0,T,Q,C,,
486,486,486,502.0,A,A,C,502.0,ALA,A,P0A405,502.0,A,P,C,,
487,487,487,503.0,A,P,C,503.0,PRO,A,P0A405,503.0,P,P,C,,
488,488,488,504.0,A,N,C,504.0,ASN,A,P0A405,504.0,N,L,C,,
489,489,489,505.0,A,A,C,505.0,ALA,A,P0A405,505.0,A,Y,C,,
490,490,490,506.0,A,A,C,506.0,ALA,A,P0A405,506.0,A,G,C,,
491,491,491,507.0,A,A,C,507.0,ALA,A,P0A405,507.0,A,G,C,,
492,492,492,508.0,A,T,C,508.0,THR,A,P0A405,508.0,T,S,C,,
493,493,493,509.0,A,A,C,509.0,ALA,A,P0A405,509.0,A,T,C,,
494,494,494,510.0,A,S,C,510.0,SER,A,P0A405,510.0,S,G,C,,
495,495,495,511.0,A,V,C,511.0,VAL,A,P0A405,511.0,V,G,C,,
496,496,496,512.0,A,A,C,512.0,ALA,A,P0A405,512.0,A,L,C,,
497,497,497,513.0,A,F,C,513.0,PHE,A,P0A405,513.0,F,L,C,,
498,498,498,514.0,A,G,C,514.0,GLY,A,P0A405,514.0,G,S,C,,
499,499,499,515.0,A,G,C,515.0,GLY,A,P0A405,515.0,G,A,H,,
500,500,500,516.0,A,D,C,516.0,ASP,A,P0A405,516.0,D,A,H,,
501,501,501,517.0,A,V,C,517.0,VAL,A,P0A405,517.0,V,D,H,,
502,502,502,518.0,A,V,E,518.0,VAL,A,P0A405,518.0,V,T,H,,
503,503,503,519.0,A,A,E,519.0,ALA,A,P0A405,519.0,A,E,C,,
504,504,504,520.0,A,V,E,520.0,VAL,A,P0A405,520.0,V,E,C,,
505,505,505,521.0,A,G,C,521.0,GLY,A,P0A405,521.0,G,K,E,,
506,506,506,522.0,A,G,C,522.0,GLY,A,P0A405,522.0,G,Y,E,,
507,507,507,523.0,A,K,E,523.0,LYS,A,P0A405,523.0,K,A,E,,
508,508,508,524.0,A,V,E,524.0,VAL,A,P0A405,524.0,V,I,E,,
509,509,509,525.0,A,A,E,525.0,ALA,A,P0A405,525.0,A,T,E,,
510,510,510,526.0,A,M,E,526.0,MET,A,P0A405,526.0,M,W,E,,
511,511,511,527.0,A,M,C,527.0,MET,A,P0A405,527.0,M,T,E,,
512,512,512,528.0,A,P,C,528.0,PRO,A,P0A405,528.0,P,S,E,,
513,513,513,529.0,A,I,C,529.0,ILE,A,P0A405,529.0,I,P,C,,
514,514,514,530.0,A,V,C,530.0,VAL,A,P0A405,530.0,V,K,C,,
515,515,515,531.0,A,L,C,531.0,LEU,A,P0A405,531.0,L,E,C,,
516,516,516,532.0,A,G,C,532.0,GLY,A,P0A405,532.0,G,Q,E,,
517,517,517,533.0,A,T,H,533.0,THR,A,P0A405,533.0,T,V,E,,
518,518,518,534.0,A,A,H,534.0,ALA,A,P0A405,534.0,A,F,E,,
519,519,519,535.0,A,D,H,535.0,ASP,A,P0A405,535.0,D,E,E,,
520,520,520,536.0,A,F,H,536.0,PHE,A,P0A405,536.0,F,M,C,,
521,521,521,537.0,A,M,H,537.0,MET,A,P0A405,537.0,M,P,C,,
522,522,522,538.0,A,V,H,538.0,VAL,A,P0A405,538.0,V,T,C,,
523,523,523,539.0,A,H,H,539.0,HIS,A,P0A405,539.0,H,A,C,,
524,524,524,540.0,A,H,H,540.0,HIS,A,P0A405,540.0,H,G,C,,
525,525,525,541.0,A,I,H,541.0,ILE,A,P0A405,541.0,I,A,E,,
526,526,526,542.0,A,H,H,542.0,HIS,A,P0A405,542.0,H,A,E,,
527,527,527,543.0,A,A,H,543.0,ALA,A,P0A405,543.0,A,V,E,,
528,528,528,544.0,A,F,H,544.0,PHE,A,P0A405,544.0,F,M,E,,
529,529,529,545.0,A,T,H,545.0,THR,A,P0A405,545.0,T,R,C,,
530,530,530,546.0,A,I,H,546.0,ILE,A,P0A405,546.0,I,E,C,,
531,531,531,547.0,A,H,H,547.0,HIS,A,P0A405,547.0,H,G,E,,
532,532,532,548.0,A,V,H,548.0,VAL,A,P0A405,548.0,V,E,E,,
533,533,533,549.0,A,T,H,549.0,THR,A,P0A405,549.0,T,N,E,,
534,534,534,550.0,A,V,H,550.0,VAL,A,P0A405,550.0,V,L,E,,
535,535,535,551.0,A,L,H,551.0,LEU,A,P0A405,551.0,L,V,E,,
536,536,536,552.0,A,I,H,552.0,ILE,A,P0A405,552.0,I,Y,E,,
537,537,537,553.0,A,L,H,553.0,LEU,A,P0A405,553.0,L,F,E,,
538,538,538,554.0,A,L,H,554.0,LEU,A,P0A405,554.0,L,A,C,,
539,539,539,555.0,A,K,H,555.0,LYS,A,P0A405,555.0,K,R,C,,
540,540,540,556.0,A,G,H,556.0,GLY,A,P0A405,556.0,G,K,H,,
541,541,541,557.0,A,V,H,557.0,VAL,A,P0A405,557.0,V,E,H,,
542,542,542,558.0,A,L,H,558.0,LEU,A,P0A405,558.0,L,Q,H,,
543,543,543,559.0,A,F,C,559.0,PHE,A,P0A405,559.0,F,C,H,,
544,544,544,560.0,A,A,C,560.0,ALA,A,P0A405,560.0,A,L,H,,
545,545,545,561.0,A,R,C,561.0,ARG,A,P0A405,561.0,R,A,H,,
546,546,546,562.0,A,S,C,562.0,SER,A,P0A405,562.0,S,L,H,,
547,547,547,563.0,A,S,C,563.0,SER,A,P0A405,563.0,S,A,C,,
548,548,548,564.0,A,R,C,564.0,ARG,A,P0A405,564.0,R,A,C,,
549,549,549,565.0,A,L,C,565.0,LEU,A,P0A405,565.0,L,T,H,,
550,550,550,566.0,A,I,C,566.0,ILE,A,P0A405,566.0,I,E,C,,
551,551,551,567.0,A,P,C,567.0,PRO,A,P0A405,567.0,P,E,C,,
552,552,552,568.0,A,D,C,568.0,ASP,A,P0A405,568.0,D,K,E,,
553,553,553,569.0,A,K,H,569.0,LYS,A,P0A405,569.0,K,Y,E,,
554,554,554,570.0,A,A,H,570.0,ALA,A,P0A405,570.0,A,A,E,,
555,555,555,571.0,A,N,H,571.0,ASN,A,P0A405,571.0,N,I,E,,
556,556,556,572.0,A,L,H,572.0,LEU,A,P0A405,572.0,L,T,E,,
557,557,557,573.0,A,G,C,573.0,GLY,A,P0A405,573.0,G,W,E,,
558,558,558,574.0,A,F,C,574.0,PHE,A,P0A405,574.0,F,T,E,,
559,559,559,575.0,A,R,C,575.0,ARG,A,P0A405,575.0,R,S,E,,
560,560,560,576.0,A,F,C,576.0,PHE,A,P0A405,576.0,F,P,C,,
561,561,561,577.0,A,P,C,577.0,PRO,A,P0A405,577.0,P,K,C,,
562,562,562,578.0,A,C,C,578.0,CYS,A,P0A405,578.0,C,E,C,,
563,563,563,579.0,A,D,C,579.0,ASP,A,P0A405,579.0,D,Q,E,,
564,564,564,580.0,A,G,C,580.0,GLY,A,P0A405,580.0,G,V,E,,
565,565,565,581.0,A,P,C,581.0,PRO,A,P0A405,581.0,P,F,E,,
566,566,566,582.0,A,G,C,582.0,GLY,A,P0A405,582.0,G,E,E,,
567,567,567,583.0,A,R,C,583.0,ARG,A,P0A405,583.0,R,M,C,,
568,568,568,584.0,A,G,C,584.0,GLY,A,P0A405,584.0,G,P,C,,
569,569,569,585.0,A,G,C,585.0,GLY,A,P0A405,585.0,G,T,C,,
570,570,570,586.0,A,T,C,586.0,THR,A,P0A405,586.0,T,A,C,,
571,571,571,587.0,A,C,C,587.0,CYS,A,P0A405,587.0,C,G,C,,
572,572,572,588.0,A,Q,C,588.0,GLN,A,P0A405,588.0,Q,A,E,,
573,573,573,589.0,A,V,C,589.0,VAL,A,P0A405,589.0,V,A,E,,
574,574,574,590.0,A,S,C,590.0,SER,A,P0A405,590.0,S,V,E,,
575,575,575,591.0,A,G,H,591.0,GLY,A,P0A405,591.0,G,M,E,,
576,576,576,592.0,A,W,H,592.0,TRP,A,P0A405,592.0,W,R,C,,
577,577,577,593.0,A,D,H,593.0,ASP,A,P0A405,593.0,D,E,C,,
578,578,578,594.0,A,H,H,594.0,HIS,A,P0A405,594.0,H,G,E,,
579,579,579,595.0,A,V,H,595.0,VAL,A,P0A405,595.0,V,E,E,,
580,580,580,596.0,A,F,H,596.0,PHE,A,P0A405,596.0,F,N,E,,
581,581,581,597.0,A,L,H,597.0,LEU,A,P0A405,597.0,L,L,E,,
582,582,582,598.0,A,G,H,598.0,GLY,A,P0A405,598.0,G,V,E,,
583,583,583,599.0,A,L,H,599.0,LEU,A,P0A405,599.0,L,Y,E,,
584,584,584,600.0,A,F,H,600.0,PHE,A,P0A405,600.0,F,F,E,,
585,585,585,601.0,A,W,H,601.0,TRP,A,P0A405,601.0,W,A,C,,
586,586,586,602.0,A,M,H,602.0,MET,A,P0A405,602.0,M,R,C,,
587,587,587,603.0,A,Y,H,603.0,TYR,A,P0A405,603.0,Y,K,H,,
588,588,588,604.0,A,N,H,604.0,ASN,A,P0A405,604.0,N,E,H,,
589,589,589,605.0,A,C,H,605.0,CYS,A,P0A405,605.0,C,Q,H,,
590,590,590,606.0,A,I,H,606.0,ILE,A,P0A405,606.0,I,C,H,,
591,591,591,607.0,A,S,H,607.0,SER,A,P0A405,607.0,S,L,H,,
592,592,592,608.0,A,V,H,608.0,VAL,A,P0A405,608.0,V,A,H,,
593,593,593,609.0,A,V,H,609.0,VAL,A,P0A405,609.0,V,L,H,,
594,594,594,610.0,A,I,H,610.0,ILE,A,P0A405,610.0,I,A,C,,
595,595,595,611.0,A,F,H,611.0,PHE,A,P0A405,611.0,F,A,C,,
596,596,596,612.0,A,H,H,612.0,HIS,A,P0A405,612.0,H,Q,C,,
597,597,597,613.0,A,F,H,613.0,PHE,A,P0A405,613.0,F,Q,C,,
598,598,598,614.0,A,S,H,614.0,SER,A,P0A405,614.0,S,L,C,,
599,599,599,615.0,A,W,H,615.0,TRP,A,P0A405,615.0,W,R,C,,
600,600,600,616.0,A,K,H,616.0,LYS,A,P0A405,616.0,K,P,C,,
601,601,601,617.0,A,M,H,617.0,MET,A,P0A405,617.0,M,R,C,,
602,602,602,618.0,A,Q,H,618.0,GLN,A,P0A405,618.0,Q,K,C,,
603,603,603,619.0,A,S,H,619.0,SER,A,P0A405,619.0,S,I,C,,
604,604,604,620.0,A,D,H,620.0,ASP,A,P0A405,620.0,D,N,C,,
605,605,605,621.0,A,V,C,621.0,VAL,A,P0A405,621.0,V,D,C,,
606,606,606,622.0,A,W,C,622.0,TRP,A,P0A405,622.0,W,Y,C,,
607,607,607,623.0,A,G,E,623.0,GLY,A,P0A405,623.0,G,K,E,,
608,608,608,624.0,A,T,E,624.0,THR,A,P0A405,624.0,T,I,E,,
609,609,609,625.0,A,V,E,625.0,VAL,A,P0A405,625.0,V,Y,E,,
610,610,610,626.0,A,A,C,626.0,ALA,A,P0A405,626.0,A,R,E,,
611,611,611,627.0,A,P,C,627.0,PRO,A,P0A405,627.0,P,I,E,,
612,612,612,628.0,A,D,C,628.0,ASP,A,P0A405,628.0,D,F,C,,
613,613,613,629.0,A,G,C,629.0,GLY,A,P0A405,629.0,G,P,C,,
614,614,614,630.0,A,T,C,630.0,THR,A,P0A405,630.0,T,D,C,,
615,615,615,631.0,A,V,E,631.0,VAL,A,P0A405,631.0,V,G,C,,
616,616,616,632.0,A,S,E,632.0,SER,A,P0A405,632.0,S,E,C,,
617,617,617,633.0,A,H,E,633.0,HIS,A,P0A405,633.0,H,T,E,,
618,618,618,634.0,A,I,C,634.0,ILE,A,P0A405,634.0,I,V,E,,
619,619,619,635.0,A,T,C,635.0,THR,A,P0A405,635.0,T,L,E,,
620,620,620,636.0,A,G,C,636.0,GLY,A,P0A405,636.0,G,I,E,,
621,621,621,637.0,A,G,C,637.0,GLY,A,P0A405,637.0,G,H,E,,
622,622,622,638.0,A,N,C,638.0,ASN,A,P0A405,638.0,N,P,C,,
623,623,623,639.0,A,F,H,639.0,PHE,A,P0A405,639.0,F,K,C,,
624,624,624,640.0,A,A,H,640.0,ALA,A,P0A405,640.0,A,D,C,,
625,625,625,641.0,A,Q,H,641.0,GLN,A,P0A405,641.0,Q,G,C,,
626,626,626,642.0,A,S,H,642.0,SER,A,P0A405,642.0,S,V,C,,
627,627,627,643.0,A,A,C,643.0,ALA,A,P0A405,643.0,A,F,C,,
628,628,628,644.0,A,I,C,644.0,ILE,A,P0A405,644.0,I,P,C,,
629,629,629,645.0,A,T,C,645.0,THR,A,P0A405,645.0,T,E,C,,
630,630,630,646.0,A,I,H,646.0,ILE,A,P0A405,646.0,I,K,C,,
631,631,631,647.0,A,N,H,647.0,ASN,A,P0A405,647.0,N,V,C,,
632,632,632,648.0,A,G,H,648.0,GLY,A,P0A405,648.0,G,N,C,,
633,633,633,649.0,A,W,C,649.0,TRP,A,P0A405,649.0,W,K,C,,
634,634,634,650.0,A,L,C,650.0,LEU,A,P0A405,650.0,L,G,C,,
635,635,635,651.0,A,R,C,651.0,ARG,A,P0A405,651.0,R,R,C,,
636,636,636,652.0,A,D,C,652.0,ASP,A,P0A405,652.0,D,E,C,,
637,637,637,653.0,A,F,C,653.0,PHE,A,P0A405,653.0,F,A,C,,
638,638,638,654.0,A,L,C,654.0,LEU,A,P0A405,654.0,L,V,C,,
639,639,639,655.0,A,W,C,655.0,TRP,A,P0A405,655.0,W,N,C,,
640,640,640,656.0,A,A,H,656.0,ALA,A,P0A405,656.0,A,S,C,,
641,641,641,657.0,A,Q,H,657.0,GLN,A,P0A405,657.0,Q,V,C,,
642,642,642,658.0,A,A,C,658.0,ALA,A,P0A405,658.0,A,P,C,,
643,643,643,659.0,A,S,H,659.0,SER,A,P0A405,659.0,S,R,C,,
644,644,644,660.0,A,Q,H,660.0,GLN,A,P0A405,660.0,Q,S,C,,
645,645,645,661.0,A,V,H,661.0,VAL,A,P0A405,661.0,V,I,C,,
646,646,646,662.0,A,I,H,662.0,ILE,A,P0A405,662.0,I,G,C,,
647,647,647,663.0,A,G,H,663.0,GLY,A,P0A405,663.0,G,Q,C,,
648,648,648,664.0,A,S,C,664.0,SER,A,P0A405,664.0,S,N,C,,
649,649,649,665.0,A,Y,C,665.0,TYR,A,P0A405,665.0,Y,P,C,,
650,650,650,666.0,A,G,C,666.0,GLY,A,P0A405,666.0,G,N,C,,
651,651,651,667.0,A,S,C,667.0,SER,A,P0A405,667.0,S,P,C,,
652,652,652,668.0,A,A,C,668.0,ALA,A,P0A405,668.0,A,S,C,,
653,653,653,669.0,A,L,C,669.0,LEU,A,P0A405,669.0,L,Q,C,,
654,654,654,670.0,A,S,H,670.0,SER,A,P0A405,670.0,S,L,C,,
655,655,655,671.0,A,A,H,671.0,ALA,A,P0A405,671.0,A,K,C,,
656,656,656,672.0,A,Y,H,672.0,TYR,A,P0A405,672.0,Y,F,C,,
657,657,657,673.0,A,G,H,673.0,GLY,A,P0A405,673.0,G,T,C,,
658,658,658,674.0,A,L,H,674.0,LEU,A,P0A405,674.0,L,G,C,,
659,659,659,675.0,A,L,H,675.0,LEU,A,P0A405,675.0,L,K,C,,
660,660,660,676.0,A,F,H,676.0,PHE,A,P0A405,676.0,F,K,C,,
661,661,661,677.0,A,L,H,677.0,LEU,A,P0A405,677.0,L,P,C,,
662,662,662,678.0,A,G,H,678.0,GLY,A,P0A405,678.0,G,Y,C,,
663,663,663,679.0,A,A,H,679.0,ALA,A,P0A405,679.0,A,D,C,,
664,664,664,680.0,A,H,H,680.0,HIS,A,P0A405,680.0,H,M,C,,
665,665,665,681.0,A,F,H,681.0,PHE,A,P0A405,681.0,F,T,C,,
666,666,666,682.0,A,I,H,682.0,ILE,A,P0A405,682.0,I,T,C,,
667,667,667,683.0,A,W,H,683.0,TRP,A,P0A405,683.0,W,L,C,,
668,668,668,684.0,A,A,H,684.0,ALA,A,P0A405,684.0,A,T,C,,
669,669,669,685.0,A,F,H,685.0,PHE,A,P0A405,685.0,F,G,C,,
670,670,670,686.0,A,S,H,686.0,SER,A,P0A405,686.0,S,Q,C,,
671,671,671,687.0,A,L,H,687.0,LEU,A,P0A405,687.0,L,P,C,,
672,672,672,688.0,A,M,H,688.0,MET,A,P0A405,688.0,M,P,C,,
673,673,673,689.0,A,F,H,689.0,PHE,A,P0A405,689.0,F,L,C,,
674,674,674,690.0,A,L,H,690.0,LEU,A,P0A405,690.0,L,Y,C,,
675,675,675,691.0,A,F,H,691.0,PHE,A,P0A405,691.0,F,G,C,,
676,676,676,692.0,A,S,C,692.0,SER,A,P0A405,692.0,S,G,C,,
677,677,677,693.0,A,G,C,693.0,GLY,A,P0A405,693.0,G,S,C,,
678,678,678,694.0,A,R,H,694.0,ARG,A,P0A405,694.0,R,T,C,,
679,679,679,695.0,A,G,H,695.0,GLY,A,P0A405,695.0,G,G,C,,
680,680,680,696.0,A,Y,H,696.0,TYR,A,P0A405,696.0,Y,G,C,,
681,681,681,697.0,A,W,H,697.0,TRP,A,P0A405,697.0,W,L,C,,
682,682,682,698.0,A,Q,H,698.0,GLN,A,P0A405,698.0,Q,L,C,,
683,683,683,699.0,A,E,H,699.0,GLU,A,P0A405,699.0,E,S,C,,
684,684,684,700.0,A,L,H,700.0,LEU,A,P0A405,700.0,L,A,H,,
685,685,685,701.0,A,I,H,701.0,ILE,A,P0A405,701.0,I,A,H,,
686,686,686,702.0,A,E,H,702.0,GLU,A,P0A405,702.0,E,D,H,,
687,687,687,703.0,A,S,H,703.0,SER,A,P0A405,703.0,S,T,H,,
688,688,688,704.0,A,I,H,704.0,ILE,A,P0A405,704.0,I,E,C,,
689,689,689,705.0,A,V,H,705.0,VAL,A,P0A405,705.0,V,E,C,,
690,690,690,706.0,A,W,H,706.0,TRP,A,P0A405,706.0,W,K,E,,
691,691,691,707.0,A,A,H,707.0,ALA,A,P0A405,707.0,A,Y,E,,
692,692,692,708.0,A,H,H,708.0,HIS,A,P0A405,708.0,H,A,E,,
693,693,693,709.0,A,N,H,709.0,ASN,A,P0A405,709.0,N,I,E,,
694,694,694,710.0,A,K,H,710.0,LYS,A,P0A405,710.0,K,T,E,,
695,695,695,711.0,A,L,C,711.0,LEU,A,P0A405,711.0,L,W,E,,
696,696,696,712.0,A,K,C,712.0,LYS,A,P0A405,712.0,K,T,E,,
697,697,697,713.0,A,V,C,713.0,VAL,A,P0A405,713.0,V,S,E,,
698,698,698,714.0,A,A,C,714.0,ALA,A,P0A405,714.0,A,P,C,,
699,699,699,715.0,A,P,C,715.0,PRO,A,P0A405,715.0,P,K,C,,
700,700,700,716.0,A,A,C,716.0,ALA,A,P0A405,716.0,A,E,C,,
701,701,701,717.0,A,I,C,717.0,ILE,A,P0A405,717.0,I,Q,E,,
702,702,702,718.0,A,Q,C,718.0,GLN,A,P0A405,718.0,Q,M,C,,
703,703,703,719.0,A,P,C,719.0,PRO,A,P0A405,719.0,P,T,C,,
704,704,704,720.0,A,R,C,720.0,ARG,A,P0A405,720.0,R,T,C,,
705,705,705,721.0,A,A,C,721.0,ALA,A,P0A405,721.0,A,L,C,,
706,706,706,722.0,A,L,C,722.0,LEU,A,P0A405,722.0,L,T,C,,
707,707,707,723.0,A,S,C,723.0,SER,A,P0A405,723.0,S,G,C,,
708,708,708,724.0,A,I,H,724.0,ILE,A,P0A405,724.0,I,Q,C,,
709,709,709,725.0,A,I,H,725.0,ILE,A,P0A405,725.0,I,P,C,,
710,710,710,726.0,A,Q,H,726.0,GLN,A,P0A405,726.0,Q,P,C,,
711,711,711,727.0,A,G,H,727.0,GLY,A,P0A405,727.0,G,L,C,,
712,712,712,728.0,A,R,H,728.0,ARG,A,P0A405,728.0,R,Y,C,,
713,713,713,729.0,A,A,H,729.0,ALA,A,P0A405,729.0,A,G,C,,
714,714,714,730.0,A,V,H,730.0,VAL,A,P0A405,730.0,V,G,C,,
715,715,715,731.0,A,G,H,731.0,GLY,A,P0A405,731.0,G,S,C,,
716,716,716,732.0,A,V,H,732.0,VAL,A,P0A405,732.0,V,T,C,,
717,717,717,733.0,A,A,H,733.0,ALA,A,P0A405,733.0,A,G,C,,
718,718,718,734.0,A,H,H,734.0,HIS,A,P0A405,734.0,H,G,C,,
719,719,719,735.0,A,Y,H,735.0,TYR,A,P0A405,735.0,Y,L,C,,
720,720,720,736.0,A,L,H,736.0,LEU,A,P0A405,736.0,L,L,C,,
721,721,721,737.0,A,L,H,737.0,LEU,A,P0A405,737.0,L,S,C,,
722,722,722,738.0,A,G,H,738.0,GLY,A,P0A405,738.0,G,A,H,,
723,723,723,739.0,A,G,H,739.0,GLY,A,P0A405,739.0,G,A,H,,
724,724,724,740.0,A,I,H,740.0,ILE,A,P0A405,740.0,I,D,H,,
725,725,725,741.0,A,A,H,741.0,ALA,A,P0A405,741.0,A,T,H,,
726,726,726,742.0,A,T,H,742.0,THR,A,P0A405,742.0,T,E,C,,
727,727,727,743.0,A,T,H,743.0,THR,A,P0A405,743.0,T,E,C,,
728,728,728,744.0,A,W,H,744.0,TRP,A,P0A405,744.0,W,K,E,,
729,729,729,745.0,A,A,H,745.0,ALA,A,P0A405,745.0,A,Y,E,,
730,730,730,746.0,A,F,H,746.0,PHE,A,P0A405,746.0,F,A,E,,
731,731,731,747.0,A,F,H,747.0,PHE,A,P0A405,747.0,F,I,E,,
732,732,732,748.0,A,L,H,748.0,LEU,A,P0A405,748.0,L,T,E,,
733,733,733,749.0,A,A,H,749.0,ALA,A,P0A405,749.0,A,W,E,,
734,734,734,750.0,A,R,H,750.0,ARG,A,P0A405,750.0,R,T,E,,
735,735,735,751.0,A,I,H,751.0,ILE,A,P0A405,751.0,I,S,E,,
736,736,736,752.0,A,I,H,752.0,ILE,A,P0A405,752.0,I,P,C,,
737,737,737,753.0,A,S,H,753.0,SER,A,P0A405,753.0,S,K,C,,
738,738,738,754.0,A,V,H,754.0,VAL,A,P0A405,754.0,V,E,C,,
739,739,739,755.0,A,G,C,755.0,GLY,A,P0A405,755.0,G,Q,E,,
740,740,740,1.0,B,A,C,1.0,ALA,B,P0A407,2.0,A,V,E,,
741,741,741,2.0,B,T,C,2.0,THR,B,P0A407,3.0,T,F,E,,
742,742,742,3.0,B,K,C,3.0,LYS,B,P0A407,4.0,K,E,E,,
743,743,743,4.0,B,F,C,4.0,PHE,B,P0A407,5.0,F,S,C,,
744,744,744,5.0,B,P,C,5.0,PRO,B,P0A407,6.0,P,A,H,,
745,745,745,6.0,B,K,C,6.0,LYS,B,P0A407,7.0,K,A,H,,
746,746,746,7.0,B,F,C,7.0,PHE,B,P0A407,8.0,F,D,H,,
747,747,747,8.0,B,S,C,8.0,SER,B,P0A407,9.0,S,T,H,,
748,748,748,9.0,B,Q,H,9.0,GLN,B,P0A407,10.0,Q,E,C,,
749,749,749,10.0,B,D,H,10.0,ASP,B,P0A407,11.0,D,E,C,,
750,750,750,11.0,B,L,H,11.0,LEU,B,P0A407,12.0,L,K,E,,
751,751,751,12.0,B,A,H,12.0,ALA,B,P0A407,13.0,A,Y,E,,
752,752,752,13.0,B,Q,C,13.0,GLN,B,P0A407,14.0,Q,A,E,,
753,753,753,14.0,B,D,C,14.0,ASP,B,P0A407,15.0,D,I,E,,
754,754,754,15.0,B,P,C,15.0,PRO,B,P0A407,16.0,P,T,E,,
755,755,755,16.0,B,T,C,16.0,THR,B,P0A407,17.0,T,W,E,,
756,756,756,17.0,B,T,C,17.0,THR,B,P0A407,18.0,T,S,E,,
757,757,757,18.0,B,R,H,18.0,ARG,B,P0A407,19.0,R,P,C,,
758,758,758,19.0,B,R,H,19.0,ARG,B,P0A407,20.0,R,K,C,,
759,759,759,20.0,B,I,H,20.0,ILE,B,P0A407,21.0,I,E,C,,
760,760,760,21.0,B,W,H,21.0,TRP,B,P0A407,22.0,W,Q,E,,
761,761,761,22.0,B,Y,H,22.0,TYR,B,P0A407,23.0,Y,V,E,,
762,762,762,23.0,B,A,H,23.0,ALA,B,P0A407,24.0,A,F,E,,
763,763,763,24.0,B,I,H,24.0,ILE,B,P0A407,25.0,I,E,E,,
764,764,764,25.0,B,A,H,25.0,ALA,B,P0A407,26.0,A,M,C,,
765,765,765,26.0,B,M,H,26.0,MET,B,P0A407,27.0,M,P,C,,
766,766,766,27.0,B,A,C,27.0,ALA,B,P0A407,28.0,A,N,E,,
767,767,767,28.0,B,H,C,28.0,HIS,B,P0A407,29.0,H,L,E,,
768,768,768,29.0,B,D,C,29.0,ASP,B,P0A407,30.0,D,V,E,,
769,769,769,30.0,B,F,C,30.0,PHE,B,P0A407,31.0,F,Y,E,,
770,770,770,31.0,B,E,C,31.0,GLU,B,P0A407,32.0,E,F,E,,
771,771,771,32.0,B,S,C,32.0,SER,B,P0A407,33.0,S,A,C,,
772,772,772,33.0,B,H,C,33.0,HIS,B,P0A407,34.0,H,R,C,,
773,773,773,34.0,B,D,C,34.0,ASP,B,P0A407,35.0,D,K,H,,
774,774,774,35.0,B,G,C,35.0,GLY,B,P0A407,36.0,G,E,H,,
775,775,775,36.0,B,M,C,36.0,MET,B,P0A407,37.0,M,Q,H,,
776,776,776,37.0,B,T,C,37.0,THR,B,P0A407,38.0,T,C,H,,
777,777,777,38.0,B,E,H,38.0,GLU,B,P0A407,39.0,E,L,H,,
778,778,778,39.0,B,E,H,39.0,GLU,B,P0A407,40.0,E,A,H,,
779,779,779,40.0,B,N,H,40.0,ASN,B,P0A407,41.0,N,L,H,,
780,780,780,41.0,B,L,H,41.0,LEU,B,P0A407,42.0,L,A,C,,
781,781,781,42.0,B,Y,H,42.0,TYR,B,P0A407,43.0,Y,A,C,,
782,782,782,43.0,B,Q,H,43.0,GLN,B,P0A407,44.0,Q,Q,C,,
783,783,783,44.0,B,K,H,44.0,LYS,B,P0A407,45.0,K,Q,C,,
784,784,784,45.0,B,I,H,45.0,ILE,B,P0A407,46.0,I,L,C,,
785,785,785,46.0,B,F,H,46.0,PHE,B,P0A407,47.0,F,R,C,,
786,786,786,47.0,B,A,H,47.0,ALA,B,P0A407,48.0,A,P,C,,
787,787,787,48.0,B,S,H,48.0,SER,B,P0A407,49.0,S,R,C,,
788,788,788,49.0,B,H,H,49.0,HIS,B,P0A407,50.0,H,K,C,,
789,789,789,50.0,B,F,H,50.0,PHE,B,P0A407,51.0,F,T,C,,
790,790,790,51.0,B,G,H,51.0,GLY,B,P0A407,52.0,G,G,C,,
791,791,791,52.0,B,H,H,52.0,HIS,B,P0A407,53.0,H,Q,C,,
792,792,792,53.0,B,L,H,53.0,LEU,B,P0A407,54.0,L,P,C,,
793,793,793,54.0,B,A,H,54.0,ALA,B,P0A407,55.0,A,P,C,,
794,794,794,55.0,B,I,H,55.0,ILE,B,P0A407,56.0,I,L,C,,
795,795,795,56.0,B,I,H,56.0,ILE,B,P0A407,57.0,I,Y,C,,
796,796,796,57.0,B,F,H,57.0,PHE,B,P0A407,58.0,F,G,C,,
797,797,797,58.0,B,L,H,58.0,LEU,B,P0A407,59.0,L,G,C,,
798,798,798,59.0,B,W,H,59.0,TRP,B,P0A407,60.0,W,S,C,,
799,799,799,60.0,B,V,H,60.0,VAL,B,P0A407,61.0,V,T,C,,
800,800,800,61.0,B,S,H,61.0,SER,B,P0A407,62.0,S,G,C,,
801,801,801,62.0,B,G,H,62.0,GLY,B,P0A407,63.0,G,G,C,,
802,802,802,63.0,B,S,H,63.0,SER,B,P0A407,64.0,S,L,C,,
803,803,803,64.0,B,L,H,64.0,LEU,B,P0A407,65.0,L,L,C,,
804,804,804,65.0,B,F,H,65.0,PHE,B,P0A407,66.0,F,S,C,,
805,805,805,66.0,B,H,H,66.0,HIS,B,P0A407,67.0,H,A,H,,
806,806,806,67.0,B,V,H,67.0,VAL,B,P0A407,68.0,V,A,H,,
807,807,807,68.0,B,A,H,68.0,ALA,B,P0A407,69.0,A,D,H,,
808,808,808,69.0,B,W,H,69.0,TRP,B,P0A407,70.0,W,T,H,,
809,809,809,70.0,B,Q,H,70.0,GLN,B,P0A407,71.0,Q,E,C,,
810,810,810,71.0,B,G,C,71.0,GLY,B,P0A407,72.0,G,E,C,,
811,811,811,72.0,B,N,C,72.0,ASN,B,P0A407,73.0,N,K,E,,
812,812,812,73.0,B,F,H,73.0,PHE,B,P0A407,74.0,F,Y,E,,
813,813,813,74.0,B,E,H,74.0,GLU,B,P0A407,75.0,E,A,E,,
814,814,814,75.0,B,Q,H,75.0,GLN,B,P0A407,76.0,Q,I,E,,
815,815,815,76.0,B,W,H,76.0,TRP,B,P0A407,77.0,W,T,E,,
816,816,816,77.0,B,V,H,77.0,VAL,B,P0A407,78.0,V,W,E,,
817,817,817,78.0,B,Q,H,78.0,GLN,B,P0A407,79.0,Q,T,E,,
818,818,818,79.0,B,D,C,79.0,ASP,B,P0A407,80.0,D,S,E,,
819,819,819,80.0,B,P,C,80.0,PRO,B,P0A407,81.0,P,P,C,,
820,820,820,81.0,B,V,C,81.0,VAL,B,P0A407,82.0,V,K,C,,
821,821,821,82.0,B,N,C,82.0,ASN,B,P0A407,83.0,N,E,C,,
822,822,822,83.0,B,T,C,83.0,THR,B,P0A407,84.0,T,Q,E,,
823,823,823,84.0,B,R,C,84.0,ARG,B,P0A407,85.0,R,V,E,,
824,824,824,85.0,B,P,C,85.0,PRO,B,P0A407,86.0,P,F,E,,
825,825,825,86.0,B,I,E,86.0,ILE,B,P0A407,87.0,I,E,E,,
826,826,826,87.0,B,A,E,87.0,ALA,B,P0A407,88.0,A,M,C,,
827,827,827,88.0,B,H,E,88.0,HIS,B,P0A407,89.0,H,P,C,,
828,828,828,89.0,B,A,E,89.0,ALA,B,P0A407,90.0,A,T,C,,
829,829,829,90.0,B,I,C,90.0,ILE,B,P0A407,91.0,I,A,C,,
830,830,830,91.0,B,W,C,91.0,TRP,B,P0A407,92.0,W,G,C,,
831,831,831,92.0,B,D,C,92.0,ASP,B,P0A407,93.0,D,A,E,,
832,832,832,93.0,B,P,C,93.0,PRO,B,P0A407,94.0,P,A,E,,
833,833,833,94.0,B,Q,C,94.0,GLN,B,P0A407,95.0,Q,V,E,,
834,834,834,95.0,B,F,C,95.0,PHE,B,P0A407,96.0,F,M,E,,
835,835,835,96.0,B,G,C,96.0,GLY,B,P0A407,97.0,G,R,C,,
836,836,836,97.0,B,K,H,97.0,LYS,B,P0A407,98.0,K,E,C,,
837,837,837,98.0,B,A,H,98.0,ALA,B,P0A407,99.0,A,G,E,,
838,838,838,99.0,B,A,H,99.0,ALA,B,P0A407,100.0,A,E,E,,
839,839,839,100.0,B,V,H,100.0,VAL,B,P0A407,101.0,V,N,E,,
840,840,840,101.0,B,D,H,101.0,ASP,B,P0A407,102.0,D,L,E,,
841,841,841,102.0,B,A,H,102.0,ALA,B,P0A407,103.0,A,V,E,,
842,842,842,103.0,B,F,H,103.0,PHE,B,P0A407,104.0,F,Y,E,,
843,843,843,104.0,B,T,C,104.0,THR,B,P0A407,105.0,T,F,E,,
844,844,844,105.0,B,Q,C,105.0,GLN,B,P0A407,106.0,Q,A,C,,
845,845,845,106.0,B,A,C,106.0,ALA,B,P0A407,107.0,A,R,C,,
846,846,846,107.0,B,G,C,107.0,GLY,B,P0A407,108.0,G,K,H,,
847,847,847,108.0,B,A,C,108.0,ALA,B,P0A407,109.0,A,E,H,,
848,848,848,109.0,B,S,C,109.0,SER,B,P0A407,110.0,S,Q,H,,
849,849,849,110.0,B,N,C,110.0,ASN,B,P0A407,111.0,N,C,H,,
850,850,850,111.0,B,P,C,111.0,PRO,B,P0A407,112.0,P,L,H,,
851,851,851,112.0,B,V,E,112.0,VAL,B,P0A407,113.0,V,A,H,,
852,852,852,113.0,B,D,E,113.0,ASP,B,P0A407,114.0,D,L,H,,
853,853,853,114.0,B,I,E,114.0,ILE,B,P0A407,115.0,I,A,C,,
854,854,854,115.0,B,A,C,115.0,ALA,B,P0A407,116.0,A,A,C,,
855,855,855,116.0,B,Y,C,116.0,TYR,B,P0A407,117.0,Y,Q,C,,
856,856,856,117.0,B,S,C,117.0,SER,B,P0A407,118.0,S,Q,C,,
857,857,857,118.0,B,G,C,118.0,GLY,B,P0A407,119.0,G,L,C,,
858,858,858,119.0,B,V,H,119.0,VAL,B,P0A407,120.0,V,R,C,,
859,859,859,120.0,B,Y,H,120.0,TYR,B,P0A407,121.0,Y,P,C,,
860,860,860,121.0,B,H,H,121.0,HIS,B,P0A407,122.0,H,R,C,,
861,861,861,122.0,B,W,H,122.0,TRP,B,P0A407,123.0,W,K,C,,
862,862,862,123.0,B,W,H,123.0,TRP,B,P0A407,124.0,W,I,C,,
863,863,863,124.0,B,Y,H,124.0,TYR,B,P0A407,125.0,Y,N,C,,
864,864,864,125.0,B,T,H,125.0,THR,B,P0A407,126.0,T,D,C,,
865,865,865,126.0,B,I,C,126.0,ILE,B,P0A407,127.0,I,Y,C,,
866,866,866,127.0,B,G,C,127.0,GLY,B,P0A407,128.0,G,K,E,,
867,867,867,128.0,B,M,C,128.0,MET,B,P0A407,129.0,M,I,E,,
868,868,868,129.0,B,R,C,129.0,ARG,B,P0A407,130.0,R,Y,E,,
869,869,869,130.0,B,T,C,130.0,THR,B,P0A407,131.0,T,R,E,,
870,870,870,131.0,B,N,H,131.0,ASN,B,P0A407,132.0,N,I,E,,
871,871,871,132.0,B,G,H,132.0,GLY,B,P0A407,133.0,G,F,C,,
872,872,872,133.0,B,D,H,133.0,ASP,B,P0A407,134.0,D,P,C,,
873,873,873,134.0,B,L,H,134.0,LEU,B,P0A407,135.0,L,D,C,,
874,874,874,135.0,B,Y,H,135.0,TYR,B,P0A407,136.0,Y,G,C,,
875,875,875,136.0,B,Q,H,136.0,GLN,B,P0A407,137.0,Q,E,C,,
876,876,876,137.0,B,G,H,137.0,GLY,B,P0A407,138.0,G,T,E,,
877,877,877,138.0,B,A,H,138.0,ALA,B,P0A407,139.0,A,V,E,,
878,878,878,139.0,B,I,H,139.0,ILE,B,P0A407,140.0,I,L,E,,
879,879,879,140.0,B,F,H,140.0,PHE,B,P0A407,141.0,F,I,E,,
880,880,880,141.0,B,L,H,141.0,LEU,B,P0A407,142.0,L,H,E,,
881,881,881,142.0,B,L,H,142.0,LEU,B,P0A407,143.0,L,P,C,,
882,882,882,143.0,B,I,H,143.0,ILE,B,P0A407,144.0,I,K,C,,
883,883,883,144.0,B,L,H,144.0,LEU,B,P0A407,145.0,L,D,C,,
884,884,884,145.0,B,A,H,145.0,ALA,B,P0A407,146.0,A,G,C,,
885,885,885,146.0,B,S,H,146.0,SER,B,P0A407,147.0,S,V,C,,
886,886,886,147.0,B,L,H,147.0,LEU,B,P0A407,148.0,L,F,C,,
887,887,887,148.0,B,A,H,148.0,ALA,B,P0A407,149.0,A,P,C,,
888,888,888,149.0,B,L,H,149.0,LEU,B,P0A407,150.0,L,E,C,,
889,889,889,150.0,B,F,H,150.0,PHE,B,P0A407,151.0,F,K,C,,
890,890,890,151.0,B,A,H,151.0,ALA,B,P0A407,152.0,A,V,C,,
891,891,891,152.0,B,G,H,152.0,GLY,B,P0A407,153.0,G,N,C,,
892,892,892,153.0,B,W,H,153.0,TRP,B,P0A407,154.0,W,K,C,,
893,893,893,154.0,B,L,H,154.0,LEU,B,P0A407,155.0,L,G,C,,
894,894,894,155.0,B,H,C,155.0,HIS,B,P0A407,156.0,H,R,C,,
895,895,895,156.0,B,L,C,156.0,LEU,B,P0A407,157.0,L,E,C,,
896,896,896,157.0,B,Q,C,157.0,GLN,B,P0A407,158.0,Q,A,C,,
897,897,897,158.0,B,P,C,158.0,PRO,B,P0A407,159.0,P,V,C,,
898,898,898,159.0,B,K,C,159.0,LYS,B,P0A407,160.0,K,N,C,,
899,899,899,160.0,B,F,C,160.0,PHE,B,P0A407,161.0,F,S,C,,
900,900,900,161.0,B,R,C,161.0,ARG,B,P0A407,162.0,R,V,C,,
901,901,901,162.0,B,P,C,162.0,PRO,B,P0A407,163.0,P,P,C,,
902,902,902,163.0,B,S,C,163.0,SER,B,P0A407,164.0,S,R,C,,
903,903,903,164.0,B,L,H,164.0,LEU,B,P0A407,165.0,L,S,C,,
904,904,904,165.0,B,S,H,165.0,SER,B,P0A407,166.0,S,I,C,,
905,905,905,166.0,B,W,H,166.0,TRP,B,P0A407,167.0,W,G,C,,
906,906,906,167.0,B,F,H,167.0,PHE,B,P0A407,168.0,F,Q,C,,
907,907,907,168.0,B,K,C,168.0,LYS,B,P0A407,169.0,K,N,C,,
908,908,908,169.0,B,N,C,169.0,ASN,B,P0A407,170.0,N,P,C,,
909,909,909,170.0,B,A,H,170.0,ALA,B,P0A407,171.0,A,N,C,,
910,910,910,171.0,B,E,H,171.0,GLU,B,P0A407,172.0,E,P,C,,
911,911,911,172.0,B,S,H,172.0,SER,B,P0A407,173.0,S,S,C,,
912,912,912,173.0,B,R,H,173.0,ARG,B,P0A407,174.0,R,Q,C,,
913,913,913,174.0,B,L,H,174.0,LEU,B,P0A407,175.0,L,L,C,,
914,914,914,175.0,B,N,H,175.0,ASN,B,P0A407,176.0,N,K,C,,
915,915,915,176.0,B,H,C,176.0,HIS,B,P0A407,177.0,H,F,C,,
916,916,916,177.0,B,H,C,177.0,HIS,B,P0A407,178.0,H,T,C,,
917,917,917,178.0,B,L,C,178.0,LEU,B,P0A407,179.0,L,G,C,,
918,918,918,179.0,B,A,C,179.0,ALA,B,P0A407,180.0,A,K,C,,
919,919,919,180.0,B,G,C,180.0,GLY,B,P0A407,181.0,G,K,C,,
920,920,920,181.0,B,L,C,181.0,LEU,B,P0A407,182.0,L,P,C,,
921,921,921,182.0,B,F,C,182.0,PHE,B,P0A407,183.0,F,Y,C,,
922,922,922,183.0,B,G,C,183.0,GLY,B,P0A407,184.0,G,D,C,,
923,923,923,184.0,B,V,C,184.0,VAL,B,P0A407,185.0,V,M,C,,
924,924,924,185.0,B,S,H,185.0,SER,B,P0A407,186.0,S,T,C,,
925,925,925,186.0,B,S,H,186.0,SER,B,P0A407,187.0,S,T,C,,
926,926,926,187.0,B,L,H,187.0,LEU,B,P0A407,188.0,L,L,C,,
927,927,927,188.0,B,A,H,188.0,ALA,B,P0A407,189.0,A,T,C,,
928,928,928,189.0,B,W,H,189.0,TRP,B,P0A407,190.0,W,G,C,,
929,929,929,190.0,B,A,H,190.0,ALA,B,P0A407,191.0,A,Q,C,,
930,930,930,191.0,B,G,H,191.0,GLY,B,P0A407,192.0,G,P,C,,
931,931,931,192.0,B,H,H,192.0,HIS,B,P0A407,193.0,H,P,C,,
932,932,932,193.0,B,L,C,193.0,LEU,B,P0A407,194.0,L,L,C,,
933,933,933,194.0,B,I,C,194.0,ILE,B,P0A407,195.0,I,Y,C,,
934,934,934,195.0,B,H,C,195.0,HIS,B,P0A407,196.0,H,G,C,,
935,935,935,196.0,B,V,C,196.0,VAL,B,P0A407,197.0,V,G,C,,
936,936,936,197.0,B,A,C,197.0,ALA,B,P0A407,198.0,A,S,C,,
937,937,937,198.0,B,I,H,198.0,ILE,B,P0A407,199.0,I,T,C,,
938,938,938,199.0,B,P,H,199.0,PRO,B,P0A407,200.0,P,G,C,,
939,939,939,200.0,B,E,H,200.0,GLU,B,P0A407,201.0,E,G,C,,
940,940,940,201.0,B,S,H,201.0,SER,B,P0A407,202.0,S,L,C,,
941,941,941,202.0,B,R,C,202.0,ARG,B,P0A407,203.0,R,L,C,,
942,942,942,203.0,B,G,C,203.0,GLY,B,P0A407,204.0,G,S,C,,
943,943,943,204.0,B,Q,C,204.0,GLN,B,P0A407,205.0,Q,A,H,,
944,944,944,205.0,B,H,C,205.0,HIS,B,P0A407,206.0,H,A,H,,
945,945,945,206.0,B,V,C,206.0,VAL,B,P0A407,207.0,V,D,H,,
946,946,946,207.0,B,G,C,207.0,GLY,B,P0A407,208.0,G,T,H,,
947,947,947,208.0,B,W,C,208.0,TRP,B,P0A407,209.0,W,E,C,,
948,948,948,209.0,B,D,C,209.0,ASP,B,P0A407,210.0,D,E,C,,
949,949,949,210.0,B,N,C,210.0,ASN,B,P0A407,211.0,N,K,E,,
950,950,950,211.0,B,F,C,211.0,PHE,B,P0A407,212.0,F,Y,E,,
951,951,951,212.0,B,L,C,212.0,LEU,B,P0A407,213.0,L,A,E,,
952,952,952,213.0,B,S,C,213.0,SER,B,P0A407,214.0,S,I,E,,
953,953,953,214.0,B,T,C,214.0,THR,B,P0A407,215.0,T,T,E,,
954,954,954,215.0,B,M,C,215.0,MET,B,P0A407,216.0,M,Y,C,,
955,955,955,216.0,B,P,C,216.0,PRO,B,P0A407,217.0,P,G,C,,
956,956,956,217.0,B,H,C,217.0,HIS,B,P0A407,218.0,H,G,C,,
957,957,957,218.0,B,P,C,218.0,PRO,B,P0A407,219.0,P,S,C,,
958,958,958,219.0,B,A,C,219.0,ALA,B,P0A407,220.0,A,T,C,,
959,959,959,220.0,B,G,C,220.0,GLY,B,P0A407,221.0,G,G,C,,
960,960,960,221.0,B,L,C,221.0,LEU,B,P0A407,222.0,L,G,C,,
961,961,961,222.0,B,A,H,222.0,ALA,B,P0A407,223.0,A,L,C,,
962,962,962,223.0,B,P,H,223.0,PRO,B,P0A407,224.0,P,L,C,,
963,963,963,224.0,B,F,H,224.0,PHE,B,P0A407,225.0,F,S,C,,
964,964,964,225.0,B,F,H,225.0,PHE,B,P0A407,226.0,F,A,H,,
965,965,965,226.0,B,T,C,226.0,THR,B,P0A407,227.0,T,A,H,,
966,966,966,227.0,B,G,C,227.0,GLY,B,P0A407,228.0,G,D,H,,
967,967,967,228.0,B,N,C,228.0,ASN,B,P0A407,229.0,N,T,H,,
968,968,968,229.0,B,W,C,229.0,TRP,B,P0A407,230.0,W,E,C,,
969,969,969,230.0,B,G,C,230.0,GLY,B,P0A407,231.0,G,E,C,,
970,970,970,231.0,B,V,C,231.0,VAL,B,P0A407,232.0,V,K,E,,
971,971,971,232.0,B,Y,C,232.0,TYR,B,P0A407,233.0,Y,Y,E,,
972,972,972,233.0,B,A,C,233.0,ALA,B,P0A407,234.0,A,A,E,,
973,973,973,234.0,B,Q,C,234.0,GLN,B,P0A407,235.0,Q,I,E,,
974,974,974,235.0,B,N,C,235.0,ASN,B,P0A407,236.0,N,T,E,,
975,975,975,236.0,B,P,C,236.0,PRO,B,P0A407,237.0,P,W,E,,
976,976,976,237.0,B,D,C,237.0,ASP,B,P0A407,238.0,D,T,E,,
977,977,977,238.0,B,T,C,238.0,THR,B,P0A407,239.0,T,S,E,,
978,978,978,239.0,B,A,C,239.0,ALA,B,P0A407,240.0,A,P,C,,
979,979,979,240.0,B,S,C,240.0,SER,B,P0A407,241.0,S,,,,
980,980,980,241.0,B,H,C,241.0,HIS,B,P0A407,242.0,H,,,,
981,981,981,242.0,B,V,C,242.0,VAL,B,P0A407,243.0,V,,,,
982,982,982,243.0,B,F,C,243.0,PHE,B,P0A407,244.0,F,,,,
983,983,983,244.0,B,G,C,244.0,GLY,B,P0A407,245.0,G,,,,
984,984,984,245.0,B,T,C,245.0,THR,B,P0A407,246.0,T,,,,
985,985,985,246.0,B,A,C,246.0,ALA,B,P0A407,247.0,A,,,,
986,986,986,247.0,B,Q,C,247.0,GLN,B,P0A407,248.0,Q,,,,
987,987,987,248.0,B,G,C,248.0,GLY,B,P0A407,249.0,G,,,,
988,988,988,249.0,B,A,C,249.0,ALA,B,P0A407,250.0,A,,,,
989,989,989,250.0,B,G,C,250.0,GLY,B,P0A407,251.0,G,,,,
990,990,990,251.0,B,T,C,251.0,THR,B,P0A407,252.0,T,,,,
991,991,991,252.0,B,A,C,252.0,ALA,B,P0A407,253.0,A,,,,
992,992,992,253.0,B,I,C,253.0,ILE,B,P0A407,254.0,I,,,,
993,993,993,254.0,B,L,C,254.0,LEU,B,P0A407,255.0,L,,,,
994,994,994,255.0,B,T,C,255.0,THR,B,P0A407,256.0,T,,,,
995,995,995,256.0,B,F,C,256.0,PHE,B,P0A407,257.0,F,,,,
996,996,996,257.0,B,L,C,257.0,LEU,B,P0A407,258.0,L,,,,
997,997,997,258.0,B,G,C,258.0,GLY,B,P0A407,259.0,G,,,,
998,998,998,259.0,B,G,C,259.0,GLY,B,P0A407,260.0,G,,,,
999,999,999,260.0,B,F,C,260.0,PHE,B,P0A407,261.0,F,,,,
1000,1000,1000,261.0,B,H,C,261.0,HIS,B,P0A407,262.0,H,,,,
1001,1001,1001,262.0,B,P,C,262.0,PRO,B,P0A407,263.0,P,,,,
1002,1002,1002,263.0,B,Q,C,263.0,GLN,B,P0A407,264.0,Q,,,,
1003,1003,1003,264.0,B,T,C,264.0,THR,B,P0A407,265.0,T,,,,
1004,1004,1004,265.0,B,E,C,265.0,GLU,B,P0A407,266.0,E,,,,
1005,1005,1005,266.0,B,S,C,266.0,SER,B,P0A407,267.0,S,,,,
1006,1006,1006,267.0,B,L,C,267.0,LEU,B,P0A407,268.0,L,,,,
1007,1007,1007,268.0,B,W,C,268.0,TRP,B,P0A407,269.0,W,,,,
1008,1008,1008,269.0,B,L,H,269.0,LEU,B,P0A407,270.0,L,,,,
1009,1009,1009,270.0,B,T,H,270.0,THR,B,P0A407,271.0,T,,,,
1010,1010,1010,271.0,B,D,H,271.0,ASP,B,P0A407,272.0,D,,,,
1011,1011,1011,272.0,B,M,H,272.0,MET,B,P0A407,273.0,M,,,,
1012,1012,1012,273.0,B,A,H,273.0,ALA,B,P0A407,274.0,A,,,,
1013,1013,1013,274.0,B,H,H,274.0,HIS,B,P0A407,275.0,H,,,,
1014,1014,1014,275.0,B,H,H,275.0,HIS,B,P0A407,276.0,H,,,,
1015,1015,1015,276.0,B,H,H,276.0,HIS,B,P0A407,277.0,H,,,,
1016,1016,1016,277.0,B,L,H,277.0,LEU,B,P0A407,278.0,L,,,,
1017,1017,1017,278.0,B,A,H,278.0,ALA,B,P0A407,279.0,A,,,,
1018,1018,1018,279.0,B,I,H,279.0,ILE,B,P0A407,280.0,I,,,,
1019,1019,1019,280.0,B,A,H,280.0,ALA,B,P0A407,281.0,A,,,,
1020,1020,1020,281.0,B,V,H,281.0,VAL,B,P0A407,282.0,V,,,,
1021,1021,1021,282.0,B,L,H,282.0,LEU,B,P0A407,283.0,L,,,,
1022,1022,1022,283.0,B,F,H,283.0,PHE,B,P0A407,284.0,F,,,,
1023,1023,1023,284.0,B,I,H,284.0,ILE,B,P0A407,285.0,I,,,,
1024,1024,1024,285.0,B,V,H,285.0,VAL,B,P0A407,286.0,V,,,,
1025,1025,1025,286.0,B,A,H,286.0,ALA,B,P0A407,287.0,A,,,,
1026,1026,1026,287.0,B,G,C,287.0,GLY,B,P0A407,288.0,G,,,,
1027,1027,1027,288.0,B,H,C,288.0,HIS,B,P0A407,289.0,H,,,,
1028,1028,1028,289.0,B,M,C,289.0,MET,B,P0A407,290.0,M,,,,
1029,1029,1029,290.0,B,Y,C,290.0,TYR,B,P0A407,291.0,Y,,,,
1030,1030,1030,291.0,B,R,C,291.0,ARG,B,P0A407,292.0,R,,,,
1031,1031,1031,292.0,B,T,C,292.0,THR,B,P0A407,293.0,T,,,,
1032,1032,1032,293.0,B,Q,C,293.0,GLN,B,P0A407,294.0,Q,,,,
1033,1033,1033,294.0,B,F,C,294.0,PHE,B,P0A407,295.0,F,,,,
1034,1034,1034,295.0,B,G,C,295.0,GLY,B,P0A407,296.0,G,,,,
1035,1035,1035,296.0,B,I,C,296.0,ILE,B,P0A407,297.0,I,,,,
1036,1036,1036,297.0,B,G,C,297.0,GLY,B,P0A407,298.0,G,,,,
1037,1037,1037,298.0,B,H,C,298.0,HIS,B,P0A407,299.0,H,,,,
1038,1038,1038,299.0,B,S,C,299.0,SER,B,P0A407,300.0,S,,,,
1039,1039,1039,300.0,B,I,H,300.0,ILE,B,P0A407,301.0,I,,,,
1040,1040,1040,301.0,B,K,H,301.0,LYS,B,P0A407,302.0,K,,,,
1041,1041,1041,302.0,B,E,H,302.0,GLU,B,P0A407,303.0,E,,,,
1042,1042,1042,303.0,B,M,H,303.0,MET,B,P0A407,304.0,M,,,,
1043,1043,1043,304.0,B,M,H,304.0,MET,B,P0A407,305.0,M,,,,
1044,1044,1044,305.0,B,D,H,305.0,ASP,B,P0A407,306.0,D,,,,
1045,1045,1045,306.0,B,A,C,306.0,ALA,B,P0A407,307.0,A,,,,
1046,1046,1046,307.0,B,K,C,307.0,LYS,B,P0A407,308.0,K,,,,
1047,1047,1047,308.0,B,D,C,308.0,ASP,B,P0A407,309.0,D,,,,
1048,1048,1048,309.0,B,F,C,309.0,PHE,B,P0A407,310.0,F,,,,
1049,1049,1049,310.0,B,F,C,310.0,PHE,B,P0A407,311.0,F,,,,
1050,1050,1050,311.0,B,G,C,311.0,GLY,B,P0A407,312.0,G,,,,
1051,1051,1051,312.0,B,T,C,312.0,THR,B,P0A407,313.0,T,,,,
1052,1052,1052,313.0,B,K,C,313.0,LYS,B,P0A407,314.0,K,,,,
1053,1053,1053,314.0,B,V,C,314.0,VAL,B,P0A407,315.0,V,,,,
1054,1054,1054,315.0,B,E,C,315.0,GLU,B,P0A407,316.0,E,,,,
1055,1055,1055,316.0,B,G,C,316.0,GLY,B,P0A407,317.0,G,,,,
1056,1056,1056,317.0,B,P,C,317.0,PRO,B,P0A407,318.0,P,,,,
1057,1057,1057,318.0,B,F,C,318.0,PHE,B,P0A407,319.0,F,,,,
1058,1058,1058,319.0,B,N,C,319.0,ASN,B,P0A407,320.0,N,,,,
1059,1059,1059,320.0,B,M,C,320.0,MET,B,P0A407,321.0,M,,,,
1060,1060,1060,321.0,B,P,C,321.0,PRO,B,P0A407,322.0,P,,,,
1061,1061,1061,322.0,B,H,C,322.0,HIS,B,P0A407,323.0,H,,,,
1062,1062,1062,323.0,B,Q,C,323.0,GLN,B,P0A407,324.0,Q,,,,
1063,1063,1063,324.0,B,G,C,324.0,GLY,B,P0A407,325.0,G,,,,
1064,1064,1064,325.0,B,I,H,325.0,ILE,B,P0A407,326.0,I,,,,
1065,1065,1065,326.0,B,Y,H,326.0,TYR,B,P0A407,327.0,Y,,,,
1066,1066,1066,327.0,B,E,H,327.0,GLU,B,P0A407,328.0,E,,,,
1067,1067,1067,328.0,B,T,H,328.0,THR,B,P0A407,329.0,T,,,,
1068,1068,1068,329.0,B,Y,H,329.0,TYR,B,P0A407,330.0,Y,,,,
1069,1069,1069,330.0,B,N,H,330.0,ASN,B,P0A407,331.0,N,,,,
1070,1070,1070,331.0,B,N,H,331.0,ASN,B,P0A407,332.0,N,,,,
1071,1071,1071,332.0,B,S,C,332.0,SER,B,P0A407,333.0,S,,,,
1072,1072,1072,333.0,B,L,H,333.0,LEU,B,P0A407,334.0,L,,,,
1073,1073,1073,334.0,B,H,H,334.0,HIS,B,P0A407,335.0,H,,,,
1074,1074,1074,335.0,B,F,H,335.0,PHE,B,P0A407,336.0,F,,,,
1075,1075,1075,336.0,B,Q,H,336.0,GLN,B,P0A407,337.0,Q,,,,
1076,1076,1076,337.0,B,L,H,337.0,LEU,B,P0A407,338.0,L,,,,
1077,1077,1077,338.0,B,G,H,338.0,GLY,B,P0A407,339.0,G,,,,
1078,1078,1078,339.0,B,W,H,339.0,TRP,B,P0A407,340.0,W,,,,
1079,1079,1079,340.0,B,H,H,340.0,HIS,B,P0A407,341.0,H,,,,
1080,1080,1080,341.0,B,L,H,341.0,LEU,B,P0A407,342.0,L,,,,
1081,1081,1081,342.0,B,A,H,342.0,ALA,B,P0A407,343.0,A,,,,
1082,1082,1082,343.0,B,C,H,343.0,CYS,B,P0A407,344.0,C,,,,
1083,1083,1083,344.0,B,L,H,344.0,LEU,B,P0A407,345.0,L,,,,
1084,1084,1084,345.0,B,G,H,345.0,GLY,B,P0A407,346.0,G,,,,
1085,1085,1085,346.0,B,V,H,346.0,VAL,B,P0A407,347.0,V,,,,
1086,1086,1086,347.0,B,I,H,347.0,ILE,B,P0A407,348.0,I,,,,
1087,1087,1087,348.0,B,T,H,348.0,THR,B,P0A407,349.0,T,,,,
1088,1088,1088,349.0,B,S,H,349.0,SER,B,P0A407,350.0,S,,,,
1089,1089,1089,350.0,B,L,H,350.0,LEU,B,P0A407,351.0,L,,,,
1090,1090,1090,351.0,B,V,H,351.0,VAL,B,P0A407,352.0,V,,,,
1091,1091,1091,352.0,B,A,H,352.0,ALA,B,P0A407,353.0,A,,,,
1092,1092,1092,353.0,B,Q,H,353.0,GLN,B,P0A407,354.0,Q,,,,
1093,1093,1093,354.0,B,H,H,354.0,HIS,B,P0A407,355.0,H,,,,
1094,1094,1094,355.0,B,M,H,355.0,MET,B,P0A407,356.0,M,,,,
1095,1095,1095,356.0,B,Y,H,356.0,TYR,B,P0A407,357.0,Y,,,,
1096,1096,1096,357.0,B,S,H,357.0,SER,B,P0A407,358.0,S,,,,
1097,1097,1097,358.0,B,L,C,358.0,LEU,B,P0A407,359.0,L,,,,
1098,1098,1098,359.0,B,P,C,359.0,PRO,B,P0A407,360.0,P,,,,
1099,1099,1099,360.0,B,P,C,360.0,PRO,B,P0A407,361.0,P,,,,
1100,1100,1100,361.0,B,Y,C,361.0,TYR,B,P0A407,362.0,Y,,,,
1101,1101,1101,362.0,B,A,C,362.0,ALA,B,P0A407,363.0,A,,,,
1102,1102,1102,363.0,B,F,C,363.0,PHE,B,P0A407,364.0,F,,,,
1103,1103,1103,364.0,B,I,C,364.0,ILE,B,P0A407,365.0,I,,,,
1104,1104,1104,365.0,B,A,C,365.0,ALA,B,P0A407,366.0,A,,,,
1105,1105,1105,366.0,B,Q,C,366.0,GLN,B,P0A407,367.0,Q,,,,
1106,1106,1106,367.0,B,D,C,367.0,ASP,B,P0A407,368.0,D,,,,
1107,1107,1107,368.0,B,H,H,368.0,HIS,B,P0A407,369.0,H,,,,
1108,1108,1108,369.0,B,T,H,369.0,THR,B,P0A407,370.0,T,,,,
1109,1109,1109,370.0,B,T,H,370.0,THR,B,P0A407,371.0,T,,,,
1110,1110,1110,371.0,B,M,H,371.0,MET,B,P0A407,372.0,M,,,,
1111,1111,1111,372.0,B,A,H,372.0,ALA,B,P0A407,373.0,A,,,,
1112,1112,1112,373.0,B,A,H,373.0,ALA,B,P0A407,374.0,A,,,,
1113,1113,1113,374.0,B,L,H,374.0,LEU,B,P0A407,375.0,L,,,,
1114,1114,1114,375.0,B,Y,H,375.0,TYR,B,P0A407,376.0,Y,,,,
1115,1115,1115,376.0,B,T,H,376.0,THR,B,P0A407,377.0,T,,,,
1116,1116,1116,377.0,B,H,H,377.0,HIS,B,P0A407,378.0,H,,,,
1117,1117,1117,378.0,B,H,H,378.0,HIS,B,P0A407,379.0,H,,,,
1118,1118,1118,379.0,B,Q,H,379.0,GLN,B,P0A407,380.0,Q,,,,
1119,1119,1119,380.0,B,Y,H,380.0,TYR,B,P0A407,381.0,Y,,,,
1120,1120,1120,381.0,B,I,H,381.0,ILE,B,P0A407,382.0,I,,,,
1121,1121,1121,382.0,B,A,H,382.0,ALA,B,P0A407,383.0,A,,,,
1122,1122,1122,383.0,B,G,H,383.0,GLY,B,P0A407,384.0,G,,,,
1123,1123,1123,384.0,B,F,H,384.0,PHE,B,P0A407,385.0,F,,,,
1124,1124,1124,385.0,B,L,H,385.0,LEU,B,P0A407,386.0,L,,,,
1125,1125,1125,386.0,B,M,H,386.0,MET,B,P0A407,387.0,M,,,,
1126,1126,1126,387.0,B,V,H,387.0,VAL,B,P0A407,388.0,V,,,,
1127,1127,1127,388.0,B,G,H,388.0,GLY,B,P0A407,389.0,G,,,,
1128,1128,1128,389.0,B,A,H,389.0,ALA,B,P0A407,390.0,A,,,,
1129,1129,1129,390.0,B,F,H,390.0,PHE,B,P0A407,391.0,F,,,,
1130,1130,1130,391.0,B,A,H,391.0,ALA,B,P0A407,392.0,A,,,,
1131,1131,1131,392.0,B,H,H,392.0,HIS,B,P0A407,393.0,H,,,,
1132,1132,1132,393.0,B,G,H,393.0,GLY,B,P0A407,394.0,G,,,,
1133,1133,1133,394.0,B,A,H,394.0,ALA,B,P0A407,395.0,A,,,,
1134,1134,1134,395.0,B,I,H,395.0,ILE,B,P0A407,396.0,I,,,,
1135,1135,1135,396.0,B,F,C,396.0,PHE,B,P0A407,397.0,F,,,,
1136,1136,1136,397.0,B,L,C,397.0,LEU,B,P0A407,398.0,L,,,,
1137,1137,1137,398.0,B,V,C,398.0,VAL,B,P0A407,399.0,V,,,,
1138,1138,1138,399.0,B,R,C,399.0,ARG,B,P0A407,400.0,R,,,,
1139,1139,1139,400.0,B,D,C,400.0,ASP,B,P0A407,401.0,D,,,,
1140,1140,1140,401.0,B,Y,C,401.0,TYR,B,P0A407,402.0,Y,,,,
1141,1141,1141,402.0,B,D,C,402.0,ASP,B,P0A407,403.0,D,,,,
1142,1142,1142,403.0,B,P,C,403.0,PRO,B,P0A407,404.0,P,,,,
1143,1143,1143,404.0,B,A,C,404.0,ALA,B,P0A407,405.0,A,,,,
1144,1144,1144,405.0,B,Q,C,405.0,GLN,B,P0A407,406.0,Q,,,,
1145,1145,1145,406.0,B,N,C,406.0,ASN,B,P0A407,407.0,N,,,,
1146,1146,1146,407.0,B,K,C,407.0,LYS,B,P0A407,408.0,K,,,,
1147,1147,1147,408.0,B,G,C,408.0,GLY,B,P0A407,409.0,G,,,,
1148,1148,1148,409.0,B,N,C,409.0,ASN,B,P0A407,410.0,N,,,,
1149,1149,1149,410.0,B,V,H,410.0,VAL,B,P0A407,411.0,V,,,,
1150,1150,1150,411.0,B,L,H,411.0,LEU,B,P0A407,412.0,L,,,,
1151,1151,1151,412.0,B,D,H,412.0,ASP,B,P0A407,413.0,D,,,,
1152,1152,1152,413.0,B,R,H,413.0,ARG,B,P0A407,414.0,R,,,,
1153,1153,1153,414.0,B,V,H,414.0,VAL,B,P0A407,415.0,V,,,,
1154,1154,1154,415.0,B,L,H,415.0,LEU,B,P0A407,416.0,L,,,,
1155,1155,1155,416.0,B,Q,H,416.0,GLN,B,P0A407,417.0,Q,,,,
1156,1156,1156,417.0,B,H,C,417.0,HIS,B,P0A407,418.0,H,,,,
1157,1157,1157,418.0,B,K,H,418.0,LYS,B,P0A407,419.0,K,,,,
1158,1158,1158,419.0,B,E,H,419.0,GLU,B,P0A407,420.0,E,,,,
1159,1159,1159,420.0,B,A,H,420.0,ALA,B,P0A407,421.0,A,,,,
1160,1160,1160,421.0,B,I,H,421.0,ILE,B,P0A407,422.0,I,,,,
1161,1161,1161,422.0,B,I,H,422.0,ILE,B,P0A407,423.0,I,,,,
1162,1162,1162,423.0,B,S,H,423.0,SER,B,P0A407,424.0,S,,,,
1163,1163,1163,424.0,B,H,H,424.0,HIS,B,P0A407,425.0,H,,,,
1164,1164,1164,425.0,B,L,H,425.0,LEU,B,P0A407,426.0,L,,,,
1165,1165,1165,426.0,B,S,H,426.0,SER,B,P0A407,427.0,S,,,,
1166,1166,1166,427.0,B,W,H,427.0,TRP,B,P0A407,428.0,W,,,,
1167,1167,1167,428.0,B,V,H,428.0,VAL,B,P0A407,429.0,V,,,,
1168,1168,1168,429.0,B,S,H,429.0,SER,B,P0A407,430.0,S,,,,
1169,1169,1169,430.0,B,L,H,430.0,LEU,B,P0A407,431.0,L,,,,
1170,1170,1170,431.0,B,F,H,431.0,PHE,B,P0A407,432.0,F,,,,
1171,1171,1171,432.0,B,L,H,432.0,LEU,B,P0A407,433.0,L,,,,
1172,1172,1172,433.0,B,G,H,433.0,GLY,B,P0A407,434.0,G,,,,
1173,1173,1173,434.0,B,F,H,434.0,PHE,B,P0A407,435.0,F,,,,
1174,1174,1174,435.0,B,H,H,435.0,HIS,B,P0A407,436.0,H,,,,
1175,1175,1175,436.0,B,T,H,436.0,THR,B,P0A407,437.0,T,,,,
1176,1176,1176,437.0,B,L,H,437.0,LEU,B,P0A407,438.0,L,,,,
1177,1177,1177,438.0,B,G,H,438.0,GLY,B,P0A407,439.0,G,,,,
1178,1178,1178,439.0,B,L,H,439.0,LEU,B,P0A407,440.0,L,,,,
1179,1179,1179,440.0,B,Y,H,440.0,TYR,B,P0A407,441.0,Y,,,,
1180,1180,1180,441.0,B,V,H,441.0,VAL,B,P0A407,442.0,V,,,,
1181,1181,1181,442.0,B,H,H,442.0,HIS,B,P0A407,443.0,H,,,,
1182,1182,1182,443.0,B,N,H,443.0,ASN,B,P0A407,444.0,N,,,,
1183,1183,1183,444.0,B,D,H,444.0,ASP,B,P0A407,445.0,D,,,,
1184,1184,1184,445.0,B,V,H,445.0,VAL,B,P0A407,446.0,V,,,,
1185,1185,1185,446.0,B,V,H,446.0,VAL,B,P0A407,447.0,V,,,,
1186,1186,1186,447.0,B,V,H,447.0,VAL,B,P0A407,448.0,V,,,,
1187,1187,1187,448.0,B,A,H,448.0,ALA,B,P0A407,449.0,A,,,,
1188,1188,1188,449.0,B,F,C,449.0,PHE,B,P0A407,450.0,F,,,,
1189,1189,1189,450.0,B,G,C,450.0,GLY,B,P0A407,451.0,G,,,,
1190,1190,1190,451.0,B,T,C,451.0,THR,B,P0A407,452.0,T,,,,
1191,1191,1191,452.0,B,P,C,452.0,PRO,B,P0A407,453.0,P,,,,
1192,1192,1192,453.0,B,E,C,453.0,GLU,B,P0A407,454.0,E,,,,
1193,1193,1193,454.0,B,K,C,454.0,LYS,B,P0A407,455.0,K,,,,
1194,1194,1194,455.0,B,Q,C,455.0,GLN,B,P0A407,456.0,Q,,,,
1195,1195,1195,456.0,B,I,C,456.0,ILE,B,P0A407,457.0,I,,,,
1196,1196,1196,457.0,B,L,C,457.0,LEU,B,P0A407,458.0,L,,,,
1197,1197,1197,458.0,B,I,C,458.0,ILE,B,P0A407,459.0,I,,,,
1198,1198,1198,459.0,B,E,C,459.0,GLU,B,P0A407,460.0,E,,,,
1199,1199,1199,460.0,B,P,C,460.0,PRO,B,P0A407,461.0,P,,,,
1200,1200,1200,461.0,B,V,H,461.0,VAL,B,P0A407,462.0,V,,,,
1201,1201,1201,462.0,B,F,H,462.0,PHE,B,P0A407,463.0,F,,,,
1202,1202,1202,463.0,B,A,H,463.0,ALA,B,P0A407,464.0,A,,,,
1203,1203,1203,464.0,B,Q,H,464.0,GLN,B,P0A407,465.0,Q,,,,
1204,1204,1204,465.0,B,F,H,465.0,PHE,B,P0A407,466.0,F,,,,
1205,1205,1205,466.0,B,I,H,466.0,ILE,B,P0A407,467.0,I,,,,
1206,1206,1206,467.0,B,Q,H,467.0,GLN,B,P0A407,468.0,Q,,,,
1207,1207,1207,468.0,B,A,H,468.0,ALA,B,P0A407,469.0,A,,,,
1208,1208,1208,469.0,B,A,H,469.0,ALA,B,P0A407,470.0,A,,,,
1209,1209,1209,470.0,B,H,C,470.0,HIS,B,P0A407,471.0,H,,,,
1210,1210,1210,471.0,B,G,C,471.0,GLY,B,P0A407,472.0,G,,,,
1211,1211,1211,472.0,B,K,C,472.0,LYS,B,P0A407,473.0,K,,,,
1212,1212,1212,473.0,B,L,C,473.0,LEU,B,P0A407,474.0,L,,,,
1213,1213,1213,474.0,B,L,C,474.0,LEU,B,P0A407,475.0,L,,,,
1214,1214,1214,475.0,B,Y,C,475.0,TYR,B,P0A407,476.0,Y,,,,
1215,1215,1215,476.0,B,G,C,476.0,GLY,B,P0A407,477.0,G,,,,
1216,1216,1216,477.0,B,F,C,477.0,PHE,B,P0A407,478.0,F,,,,
1217,1217,1217,478.0,B,D,C,478.0,ASP,B,P0A407,479.0,D,,,,
1218,1218,1218,479.0,B,T,C,479.0,THR,B,P0A407,480.0,T,,,,
1219,1219,1219,480.0,B,L,C,480.0,LEU,B,P0A407,481.0,L,,,,
1220,1220,1220,481.0,B,L,C,481.0,LEU,B,P0A407,482.0,L,,,,
1221,1221,1221,482.0,B,S,C,482.0,SER,B,P0A407,483.0,S,,,,
1222,1222,1222,483.0,B,N,C,483.0,ASN,B,P0A407,484.0,N,,,,
1223,1223,1223,484.0,B,P,C,484.0,PRO,B,P0A407,485.0,P,,,,
1224,1224,1224,485.0,B,D,C,485.0,ASP,B,P0A407,486.0,D,,,,
1225,1225,1225,486.0,B,S,C,486.0,SER,B,P0A407,487.0,S,,,,
1226,1226,1226,487.0,B,I,H,487.0,ILE,B,P0A407,488.0,I,,,,
1227,1227,1227,488.0,B,A,H,488.0,ALA,B,P0A407,489.0,A,,,,
1228,1228,1228,489.0,B,S,H,489.0,SER,B,P0A407,490.0,S,,,,
1229,1229,1229,490.0,B,T,H,490.0,THR,B,P0A407,491.0,T,,,,
1230,1230,1230,491.0,B,A,C,491.0,ALA,B,P0A407,492.0,A,,,,
1231,1231,1231,492.0,B,W,C,492.0,TRP,B,P0A407,493.0,W,,,,
1232,1232,1232,493.0,B,P,C,493.0,PRO,B,P0A407,494.0,P,,,,
1233,1233,1233,494.0,B,N,C,494.0,ASN,B,P0A407,495.0,N,,,,
1234,1234,1234,495.0,B,Y,C,495.0,TYR,B,P0A407,496.0,Y,,,,
1235,1235,1235,496.0,B,G,C,496.0,GLY,B,P0A407,497.0,G,,,,
1236,1236,1236,497.0,B,N,C,497.0,ASN,B,P0A407,498.0,N,,,,
1237,1237,1237,498.0,B,V,C,498.0,VAL,B,P0A407,499.0,V,,,,
1238,1238,1238,499.0,B,W,C,499.0,TRP,B,P0A407,500.0,W,,,,
1239,1239,1239,500.0,B,L,H,500.0,LEU,B,P0A407,501.0,L,,,,
1240,1240,1240,501.0,B,P,H,501.0,PRO,B,P0A407,502.0,P,,,,
1241,1241,1241,502.0,B,G,H,502.0,GLY,B,P0A407,503.0,G,,,,
1242,1242,1242,503.0,B,W,H,503.0,TRP,B,P0A407,504.0,W,,,,
1243,1243,1243,504.0,B,L,H,504.0,LEU,B,P0A407,505.0,L,,,,
1244,1244,1244,505.0,B,D,H,505.0,ASP,B,P0A407,506.0,D,,,,
1245,1245,1245,506.0,B,A,H,506.0,ALA,B,P0A407,507.0,A,,,,
1246,1246,1246,507.0,B,I,H,507.0,ILE,B,P0A407,508.0,I,,,,
1247,1247,1247,508.0,B,N,H,508.0,ASN,B,P0A407,509.0,N,,,,
1248,1248,1248,509.0,B,S,C,509.0,SER,B,P0A407,510.0,S,,,,
1249,1249,1249,510.0,B,G,C,510.0,GLY,B,P0A407,511.0,G,,,,
1250,1250,1250,511.0,B,T,C,511.0,THR,B,P0A407,512.0,T,,,,
1251,1251,1251,512.0,B,N,C,512.0,ASN,B,P0A407,513.0,N,,,,
1252,1252,1252,513.0,B,S,C,513.0,SER,B,P0A407,514.0,S,,,,
1253,1253,1253,514.0,B,L,C,514.0,LEU,B,P0A407,515.0,L,,,,
1254,1254,1254,515.0,B,F,C,515.0,PHE,B,P0A407,516.0,F,,,,
1255,1255,1255,516.0,B,L,C,516.0,LEU,B,P0A407,517.0,L,,,,
1256,1256,1256,517.0,B,T,C,517.0,THR,B,P0A407,518.0,T,,,,
1257,1257,1257,518.0,B,I,C,518.0,ILE,B,P0A407,519.0,I,,,,
1258,1258,1258,519.0,B,G,C,519.0,GLY,B,P0A407,520.0,G,,,,
1259,1259,1259,520.0,B,P,H,520.0,PRO,B,P0A407,521.0,P,,,,
1260,1260,1260,521.0,B,G,H,521.0,GLY,B,P0A407,522.0,G,,,,
1261,1261,1261,522.0,B,D,H,522.0,ASP,B,P0A407,523.0,D,,,,
1262,1262,1262,523.0,B,F,H,523.0,PHE,B,P0A407,524.0,F,,,,
1263,1263,1263,524.0,B,L,H,524.0,LEU,B,P0A407,525.0,L,,,,
1264,1264,1264,525.0,B,V,H,525.0,VAL,B,P0A407,526.0,V,,,,
1265,1265,1265,526.0,B,H,H,526.0,HIS,B,P0A407,527.0,H,,,,
1266,1266,1266,527.0,B,H,H,527.0,HIS,B,P0A407,528.0,H,,,,
1267,1267,1267,528.0,B,A,H,528.0,ALA,B,P0A407,529.0,A,,,,
1268,1268,1268,529.0,B,I,H,529.0,ILE,B,P0A407,530.0,I,,,,
1269,1269,1269,530.0,B,A,H,530.0,ALA,B,P0A407,531.0,A,,,,
1270,1270,1270,531.0,B,L,H,531.0,LEU,B,P0A407,532.0,L,,,,
1271,1271,1271,532.0,B,G,H,532.0,GLY,B,P0A407,533.0,G,,,,
1272,1272,1272,533.0,B,L,H,533.0,LEU,B,P0A407,534.0,L,,,,
1273,1273,1273,534.0,B,H,H,534.0,HIS,B,P0A407,535.0,H,,,,
1274,1274,1274,535.0,B,T,H,535.0,THR,B,P0A407,536.0,T,,,,
1275,1275,1275,536.0,B,T,H,536.0,THR,B,P0A407,537.0,T,,,,
1276,1276,1276,537.0,B,T,H,537.0,THR,B,P0A407,538.0,T,,,,
1277,1277,1277,538.0,B,L,H,538.0,LEU,B,P0A407,539.0,L,,,,
1278,1278,1278,539.0,B,I,H,539.0,ILE,B,P0A407,540.0,I,,,,
1279,1279,1279,540.0,B,L,H,540.0,LEU,B,P0A407,541.0,L,,,,
1280,1280,1280,541.0,B,V,H,541.0,VAL,B,P0A407,542.0,V,,,,
1281,1281,1281,542.0,B,K,H,542.0,LYS,B,P0A407,543.0,K,,,,
1282,1282,1282,543.0,B,G,H,543.0,GLY,B,P0A407,544.0,G,,,,
1283,1283,1283,544.0,B,A,H,544.0,ALA,B,P0A407,545.0,A,,,,
1284,1284,1284,545.0,B,L,H,545.0,LEU,B,P0A407,546.0,L,,,,
1285,1285,1285,546.0,B,D,C,546.0,ASP,B,P0A407,547.0,D,,,,
1286,1286,1286,547.0,B,A,C,547.0,ALA,B,P0A407,548.0,A,,,,
1287,1287,1287,548.0,B,R,C,548.0,ARG,B,P0A407,549.0,R,,,,
1288,1288,1288,549.0,B,G,C,549.0,GLY,B,P0A407,550.0,G,,,,
1289,1289,1289,550.0,B,S,C,550.0,SER,B,P0A407,551.0,S,,,,
1290,1290,1290,551.0,B,K,C,551.0,LYS,B,P0A407,552.0,K,,,,
1291,1291,1291,552.0,B,L,C,552.0,LEU,B,P0A407,553.0,L,,,,
1292,1292,1292,553.0,B,M,C,553.0,MET,B,P0A407,554.0,M,,,,
1293,1293,1293,554.0,B,P,C,554.0,PRO,B,P0A407,555.0,P,,,,
1294,1294,1294,555.0,B,D,C,555.0,ASP,B,P0A407,556.0,D,,,,
1295,1295,1295,556.0,B,K,C,556.0,LYS,B,P0A407,557.0,K,,,,
1296,1296,1296,557.0,B,K,C,557.0,LYS,B,P0A407,558.0,K,,,,
1297,1297,1297,558.0,B,D,C,558.0,ASP,B,P0A407,559.0,D,,,,
1298,1298,1298,559.0,B,F,C,559.0,PHE,B,P0A407,560.0,F,,,,
1299,1299,1299,560.0,B,G,C,560.0,GLY,B,P0A407,561.0,G,,,,
1300,1300,1300,561.0,B,Y,C,561.0,TYR,B,P0A407,562.0,Y,,,,
1301,1301,1301,562.0,B,A,C,562.0,ALA,B,P0A407,563.0,A,,,,
1302,1302,1302,563.0,B,F,C,563.0,PHE,B,P0A407,564.0,F,,,,
1303,1303,1303,564.0,B,P,C,564.0,PRO,B,P0A407,565.0,P,,,,
1304,1304,1304,565.0,B,C,C,565.0,CYS,B,P0A407,566.0,C,,,,
1305,1305,1305,566.0,B,D,C,566.0,ASP,B,P0A407,567.0,D,,,,
1306,1306,1306,567.0,B,G,C,567.0,GLY,B,P0A407,568.0,G,,,,
1307,1307,1307,568.0,B,P,C,568.0,PRO,B,P0A407,569.0,P,,,,
1308,1308,1308,569.0,B,G,C,569.0,GLY,B,P0A407,570.0,G,,,,
1309,1309,1309,570.0,B,R,C,570.0,ARG,B,P0A407,571.0,R,,,,
1310,1310,1310,571.0,B,G,C,571.0,GLY,B,P0A407,572.0,G,,,,
1311,1311,1311,572.0,B,G,C,572.0,GLY,B,P0A407,573.0,G,,,,
1312,1312,1312,573.0,B,T,C,573.0,THR,B,P0A407,574.0,T,,,,
1313,1313,1313,574.0,B,C,C,574.0,CYS,B,P0A407,575.0,C,,,,
1314,1314,1314,575.0,B,D,C,575.0,ASP,B,P0A407,576.0,D,,,,
1315,1315,1315,576.0,B,I,C,576.0,ILE,B,P0A407,577.0,I,,,,
1316,1316,1316,577.0,B,S,C,577.0,SER,B,P0A407,578.0,S,,,,
1317,1317,1317,578.0,B,A,H,578.0,ALA,B,P0A407,579.0,A,,,,
1318,1318,1318,579.0,B,W,H,579.0,TRP,B,P0A407,580.0,W,,,,
1319,1319,1319,580.0,B,D,H,580.0,ASP,B,P0A407,581.0,D,,,,
1320,1320,1320,581.0,B,A,H,581.0,ALA,B,P0A407,582.0,A,,,,
1321,1321,1321,582.0,B,F,H,582.0,PHE,B,P0A407,583.0,F,,,,
1322,1322,1322,583.0,B,Y,H,583.0,TYR,B,P0A407,584.0,Y,,,,
1323,1323,1323,584.0,B,L,H,584.0,LEU,B,P0A407,585.0,L,,,,
1324,1324,1324,585.0,B,A,H,585.0,ALA,B,P0A407,586.0,A,,,,
1325,1325,1325,586.0,B,M,H,586.0,MET,B,P0A407,587.0,M,,,,
1326,1326,1326,587.0,B,F,H,587.0,PHE,B,P0A407,588.0,F,,,,
1327,1327,1327,588.0,B,W,H,588.0,TRP,B,P0A407,589.0,W,,,,
1328,1328,1328,589.0,B,M,H,589.0,MET,B,P0A407,590.0,M,,,,
1329,1329,1329,590.0,B,L,H,590.0,LEU,B,P0A407,591.0,L,,,,
1330,1330,1330,591.0,B,N,H,591.0,ASN,B,P0A407,592.0,N,,,,
1331,1331,1331,592.0,B,T,H,592.0,THR,B,P0A407,593.0,T,,,,
1332,1332,1332,593.0,B,I,H,593.0,ILE,B,P0A407,594.0,I,,,,
1333,1333,1333,594.0,B,G,H,594.0,GLY,B,P0A407,595.0,G,,,,
1334,1334,1334,595.0,B,W,H,595.0,TRP,B,P0A407,596.0,W,,,,
1335,1335,1335,596.0,B,V,H,596.0,VAL,B,P0A407,597.0,V,,,,
1336,1336,1336,597.0,B,T,H,597.0,THR,B,P0A407,598.0,T,,,,
1337,1337,1337,598.0,B,F,H,598.0,PHE,B,P0A407,599.0,F,,,,
1338,1338,1338,599.0,B,Y,H,599.0,TYR,B,P0A407,600.0,Y,,,,
1339,1339,1339,600.0,B,W,H,600.0,TRP,B,P0A407,601.0,W,,,,
1340,1340,1340,601.0,B,H,H,601.0,HIS,B,P0A407,602.0,H,,,,
1341,1341,1341,602.0,B,W,H,602.0,TRP,B,P0A407,603.0,W,,,,
1342,1342,1342,603.0,B,K,H,603.0,LYS,B,P0A407,604.0,K,,,,
1343,1343,1343,604.0,B,H,H,604.0,HIS,B,P0A407,605.0,H,,,,
1344,1344,1344,605.0,B,L,H,605.0,LEU,B,P0A407,606.0,L,,,,
1345,1345,1345,606.0,B,G,H,606.0,GLY,B,P0A407,607.0,G,,,,
1346,1346,1346,607.0,B,V,H,607.0,VAL,B,P0A407,608.0,V,,,,
1347,1347,1347,608.0,B,W,H,608.0,TRP,B,P0A407,609.0,W,,,,
1348,1348,1348,609.0,B,E,H,609.0,GLU,B,P0A407,610.0,E,,,,
1349,1349,1349,610.0,B,G,C,610.0,GLY,B,P0A407,611.0,G,,,,
1350,1350,1350,611.0,B,N,C,611.0,ASN,B,P0A407,612.0,N,,,,
1351,1351,1351,612.0,B,V,H,612.0,VAL,B,P0A407,613.0,V,,,,
1352,1352,1352,613.0,B,A,H,613.0,ALA,B,P0A407,614.0,A,,,,
1353,1353,1353,614.0,B,Q,H,614.0,GLN,B,P0A407,615.0,Q,,,,
1354,1354,1354,615.0,B,F,H,615.0,PHE,B,P0A407,616.0,F,,,,
1355,1355,1355,616.0,B,N,H,616.0,ASN,B,P0A407,617.0,N,,,,
1356,1356,1356,617.0,B,E,H,617.0,GLU,B,P0A407,618.0,E,,,,
1357,1357,1357,618.0,B,S,H,618.0,SER,B,P0A407,619.0,S,,,,
1358,1358,1358,619.0,B,S,C,619.0,SER,B,P0A407,620.0,S,,,,
1359,1359,1359,620.0,B,T,C,620.0,THR,B,P0A407,621.0,T,,,,
1360,1360,1360,621.0,B,Y,C,621.0,TYR,B,P0A407,622.0,Y,,,,
1361,1361,1361,622.0,B,L,H,622.0,LEU,B,P0A407,623.0,L,,,,
1362,1362,1362,623.0,B,M,H,623.0,MET,B,P0A407,624.0,M,,,,
1363,1363,1363,624.0,B,G,H,624.0,GLY,B,P0A407,625.0,G,,,,
1364,1364,1364,625.0,B,W,H,625.0,TRP,B,P0A407,626.0,W,,,,
1365,1365,1365,626.0,B,L,C,626.0,LEU,B,P0A407,627.0,L,,,,
1366,1366,1366,627.0,B,R,C,627.0,ARG,B,P0A407,628.0,R,,,,
1367,1367,1367,628.0,B,D,C,628.0,ASP,B,P0A407,629.0,D,,,,
1368,1368,1368,629.0,B,Y,C,629.0,TYR,B,P0A407,630.0,Y,,,,
1369,1369,1369,630.0,B,L,C,630.0,LEU,B,P0A407,631.0,L,,,,
1370,1370,1370,631.0,B,W,C,631.0,TRP,B,P0A407,632.0,W,,,,
1371,1371,1371,632.0,B,L,H,632.0,LEU,B,P0A407,633.0,L,,,,
1372,1372,1372,633.0,B,N,H,633.0,ASN,B,P0A407,634.0,N,,,,
1373,1373,1373,634.0,B,S,C,634.0,SER,B,P0A407,635.0,S,,,,
1374,1374,1374,635.0,B,S,C,635.0,SER,B,P0A407,636.0,S,,,,
1375,1375,1375,636.0,B,Q,C,636.0,GLN,B,P0A407,637.0,Q,,,,
1376,1376,1376,637.0,B,L,C,637.0,LEU,B,P0A407,638.0,L,,,,
1377,1377,1377,638.0,B,I,C,638.0,ILE,B,P0A407,639.0,I,,,,
1378,1378,1378,639.0,B,N,C,639.0,ASN,B,P0A407,640.0,N,,,,
1379,1379,1379,640.0,B,G,C,640.0,GLY,B,P0A407,641.0,G,,,,
1380,1380,1380,641.0,B,Y,E,641.0,TYR,B,P0A407,642.0,Y,,,,
1381,1381,1381,642.0,B,N,E,642.0,ASN,B,P0A407,643.0,N,,,,
1382,1382,1382,643.0,B,P,C,643.0,PRO,B,P0A407,644.0,P,,,,
1383,1383,1383,644.0,B,F,C,644.0,PHE,B,P0A407,645.0,F,,,,
1384,1384,1384,645.0,B,G,E,645.0,GLY,B,P0A407,646.0,G,,,,
1385,1385,1385,646.0,B,T,E,646.0,THR,B,P0A407,647.0,T,,,,
1386,1386,1386,647.0,B,N,C,647.0,ASN,B,P0A407,648.0,N,,,,
1387,1387,1387,648.0,B,N,C,648.0,ASN,B,P0A407,649.0,N,,,,
1388,1388,1388,649.0,B,L,C,649.0,LEU,B,P0A407,650.0,L,,,,
1389,1389,1389,650.0,B,S,H,650.0,SER,B,P0A407,651.0,S,,,,
1390,1390,1390,651.0,B,V,H,651.0,VAL,B,P0A407,652.0,V,,,,
1391,1391,1391,652.0,B,W,H,652.0,TRP,B,P0A407,653.0,W,,,,
1392,1392,1392,653.0,B,A,H,653.0,ALA,B,P0A407,654.0,A,,,,
1393,1393,1393,654.0,B,W,H,654.0,TRP,B,P0A407,655.0,W,,,,
1394,1394,1394,655.0,B,M,H,655.0,MET,B,P0A407,656.0,M,,,,
1395,1395,1395,656.0,B,F,H,656.0,PHE,B,P0A407,657.0,F,,,,
1396,1396,1396,657.0,B,L,H,657.0,LEU,B,P0A407,658.0,L,,,,
1397,1397,1397,658.0,B,F,H,658.0,PHE,B,P0A407,659.0,F,,,,
1398,1398,1398,659.0,B,G,H,659.0,GLY,B,P0A407,660.0,G,,,,
1399,1399,1399,660.0,B,H,H,660.0,HIS,B,P0A407,661.0,H,,,,
1400,1400,1400,661.0,B,L,H,661.0,LEU,B,P0A407,662.0,L,,,,
1401,1401,1401,662.0,B,V,H,662.0,VAL,B,P0A407,663.0,V,,,,
1402,1402,1402,663.0,B,W,H,663.0,TRP,B,P0A407,664.0,W,,,,
1403,1403,1403,664.0,B,A,H,664.0,ALA,B,P0A407,665.0,A,,,,
1404,1404,1404,665.0,B,T,H,665.0,THR,B,P0A407,666.0,T,,,,
1405,1405,1405,666.0,B,G,H,666.0,GLY,B,P0A407,667.0,G,,,,
1406,1406,1406,667.0,B,F,H,667.0,PHE,B,P0A407,668.0,F,,,,
1407,1407,1407,668.0,B,M,H,668.0,MET,B,P0A407,669.0,M,,,,
1408,1408,1408,669.0,B,F,H,669.0,PHE,B,P0A407,670.0,F,,,,
1409,1409,1409,670.0,B,L,H,670.0,LEU,B,P0A407,671.0,L,,,,
1410,1410,1410,671.0,B,I,H,671.0,ILE,B,P0A407,672.0,I,,,,
1411,1411,1411,672.0,B,S,C,672.0,SER,B,P0A407,673.0,S,,,,
1412,1412,1412,673.0,B,W,C,673.0,TRP,B,P0A407,674.0,W,,,,
1413,1413,1413,674.0,B,R,H,674.0,ARG,B,P0A407,675.0,R,,,,
1414,1414,1414,675.0,B,G,H,675.0,GLY,B,P0A407,676.0,G,,,,
1415,1415,1415,676.0,B,Y,H,676.0,TYR,B,P0A407,677.0,Y,,,,
1416,1416,1416,677.0,B,W,H,677.0,TRP,B,P0A407,678.0,W,,,,
1417,1417,1417,678.0,B,Q,H,678.0,GLN,B,P0A407,679.0,Q,,,,
1418,1418,1418,679.0,B,E,H,679.0,GLU,B,P0A407,680.0,E,,,,
1419,1419,1419,680.0,B,L,H,680.0,LEU,B,P0A407,681.0,L,,,,
1420,1420,1420,681.0,B,I,H,681.0,ILE,B,P0A407,682.0,I,,,,
1421,1421,1421,682.0,B,E,H,682.0,GLU,B,P0A407,683.0,E,,,,
1422,1422,1422,683.0,B,T,H,683.0,THR,B,P0A407,684.0,T,,,,
1423,1423,1423,684.0,B,L,H,684.0,LEU,B,P0A407,685.0,L,,,,
1424,1424,1424,685.0,B,V,H,685.0,VAL,B,P0A407,686.0,V,,,,
1425,1425,1425,686.0,B,W,H,686.0,TRP,B,P0A407,687.0,W,,,,
1426,1426,1426,687.0,B,A,H,687.0,ALA,B,P0A407,688.0,A,,,,
1427,1427,1427,688.0,B,H,H,688.0,HIS,B,P0A407,689.0,H,,,,
1428,1428,1428,689.0,B,E,H,689.0,GLU,B,P0A407,690.0,E,,,,
1429,1429,1429,690.0,B,R,C,690.0,ARG,B,P0A407,691.0,R,,,,
1430,1430,1430,691.0,B,T,C,691.0,THR,B,P0A407,692.0,T,,,,
1431,1431,1431,692.0,B,P,C,692.0,PRO,B,P0A407,693.0,P,,,,
1432,1432,1432,693.0,B,L,C,693.0,LEU,B,P0A407,694.0,L,,,,
1433,1433,1433,694.0,B,A,C,694.0,ALA,B,P0A407,695.0,A,,,,
1434,1434,1434,695.0,B,N,C,695.0,ASN,B,P0A407,696.0,N,,,,
1435,1435,1435,696.0,B,L,C,696.0,LEU,B,P0A407,697.0,L,,,,
1436,1436,1436,697.0,B,V,C,697.0,VAL,B,P0A407,698.0,V,,,,
1437,1437,1437,698.0,B,R,C,698.0,ARG,B,P0A407,699.0,R,,,,
1438,1438,1438,699.0,B,W,C,699.0,TRP,B,P0A407,700.0,W,,,,
1439,1439,1439,700.0,B,K,C,700.0,LYS,B,P0A407,701.0,K,,,,
1440,1440,1440,701.0,B,D,C,701.0,ASP,B,P0A407,702.0,D,,,,
1441,1441,1441,702.0,B,K,C,702.0,LYS,B,P0A407,703.0,K,,,,
1442,1442,1442,703.0,B,P,C,703.0,PRO,B,P0A407,704.0,P,,,,
1443,1443,1443,704.0,B,V,C,704.0,VAL,B,P0A407,705.0,V,,,,
1444,1444,1444,705.0,B,A,C,705.0,ALA,B,P0A407,706.0,A,,,,
1445,1445,1445,706.0,B,L,C,706.0,LEU,B,P0A407,707.0,L,,,,
1446,1446,1446,707.0,B,S,C,707.0,SER,B,P0A407,708.0,S,,,,
1447,1447,1447,708.0,B,I,H,708.0,ILE,B,P0A407,709.0,I,,,,
1448,1448,1448,709.0,B,V,H,709.0,VAL,B,P0A407,710.0,V,,,,
1449,1449,1449,710.0,B,Q,H,710.0,GLN,B,P0A407,711.0,Q,,,,
1450,1450,1450,711.0,B,A,H,711.0,ALA,B,P0A407,712.0,A,,,,
1451,1451,1451,712.0,B,R,H,712.0,ARG,B,P0A407,713.0,R,,,,
1452,1452,1452,713.0,B,L,H,713.0,LEU,B,P0A407,714.0,L,,,,
1453,1453,1453,714.0,B,V,H,714.0,VAL,B,P0A407,715.0,V,,,,
1454,1454,1454,715.0,B,G,H,715.0,GLY,B,P0A407,716.0,G,,,,
1455,1455,1455,716.0,B,L,H,716.0,LEU,B,P0A407,717.0,L,,,,
1456,1456,1456,717.0,B,A,H,717.0,ALA,B,P0A407,718.0,A,,,,
1457,1457,1457,718.0,B,H,H,718.0,HIS,B,P0A407,719.0,H,,,,
1458,1458,1458,719.0,B,F,H,719.0,PHE,B,P0A407,720.0,F,,,,
1459,1459,1459,720.0,B,S,H,720.0,SER,B,P0A407,721.0,S,,,,
1460,1460,1460,721.0,B,V,H,721.0,VAL,B,P0A407,722.0,V,,,,
1461,1461,1461,722.0,B,G,H,722.0,GLY,B,P0A407,723.0,G,,,,
1462,1462,1462,723.0,B,Y,H,723.0,TYR,B,P0A407,724.0,Y,,,,
1463,1463,1463,724.0,B,I,H,724.0,ILE,B,P0A407,725.0,I,,,,
1464,1464,1464,725.0,B,L,H,725.0,LEU,B,P0A407,726.0,L,,,,
1465,1465,1465,726.0,B,T,H,726.0,THR,B,P0A407,727.0,T,,,,
1466,1466,1466,727.0,B,Y,H,727.0,TYR,B,P0A407,728.0,Y,,,,
1467,1467,1467,728.0,B,A,H,728.0,ALA,B,P0A407,729.0,A,,,,
1468,1468,1468,729.0,B,A,H,729.0,ALA,B,P0A407,730.0,A,,,,
1469,1469,1469,730.0,B,F,H,730.0,PHE,B,P0A407,731.0,F,,,,
1470,1470,1470,731.0,B,L,H,731.0,LEU,B,P0A407,732.0,L,,,,
1471,1471,1471,732.0,B,I,H,732.0,ILE,B,P0A407,733.0,I,,,,
1472,1472,1472,733.0,B,A,H,733.0,ALA,B,P0A407,734.0,A,,,,
1473,1473,1473,734.0,B,S,H,734.0,SER,B,P0A407,735.0,S,,,,
1474,1474,1474,735.0,B,T,H,735.0,THR,B,P0A407,736.0,T,,,,
1475,1475,1475,736.0,B,A,H,736.0,ALA,B,P0A407,737.0,A,,,,
1476,1476,1476,737.0,B,A,C,737.0,ALA,B,P0A407,738.0,A,,,,
1477,1477,1477,738.0,B,K,C,738.0,LYS,B,P0A407,739.0,K,,,,
1478,1478,1478,739.0,B,F,C,739.0,PHE,B,P0A407,740.0,F,,,,
1479,1479,1479,1.0,C,A,C,1.0,ALA,C,P0A415,2.0,A,,,,
1480,1480,1480,2.0,C,H,C,2.0,HIS,C,P0A415,3.0,H,,,,
1481,1481,1481,3.0,C,T,E,3.0,THR,C,P0A415,4.0,T,,,,
1482,1482,1482,4.0,C,V,E,4.0,VAL,C,P0A415,5.0,V,,,,
1483,1483,1483,5.0,C,K,E,5.0,LYS,C,P0A415,6.0,K,,,,
1484,1484,1484,6.0,C,I,E,6.0,ILE,C,P0A415,7.0,I,,,,
1485,1485,1485,7.0,C,Y,E,7.0,TYR,C,P0A415,8.0,Y,,,,
1486,1486,1486,8.0,C,D,C,8.0,ASP,C,P0A415,9.0,D,,,,
1487,1487,1487,9.0,C,T,C,9.0,THR,C,P0A415,10.0,T,,,,
1488,1488,1488,10.0,C,C,C,10.0,CYS,C,P0A415,11.0,C,,,,
1489,1489,1489,11.0,C,I,C,11.0,ILE,C,P0A415,12.0,I,,,,
1490,1490,1490,12.0,C,G,C,12.0,GLY,C,P0A415,13.0,G,,,,
1491,1491,1491,13.0,C,C,C,13.0,CYS,C,P0A415,14.0,C,,,,
1492,1492,1492,14.0,C,T,C,14.0,THR,C,P0A415,15.0,T,,,,
1493,1493,1493,15.0,C,Q,H,15.0,GLN,C,P0A415,16.0,Q,,,,
1494,1494,1494,16.0,C,C,H,16.0,CYS,C,P0A415,17.0,C,,,,
1495,1495,1495,17.0,C,V,H,17.0,VAL,C,P0A415,18.0,V,,,,
1496,1496,1496,18.0,C,R,H,18.0,ARG,C,P0A415,19.0,R,,,,
1497,1497,1497,19.0,C,A,H,19.0,ALA,C,P0A415,20.0,A,,,,
1498,1498,1498,20.0,C,C,C,20.0,CYS,C,P0A415,21.0,C,,,,
1499,1499,1499,21.0,C,P,C,21.0,PRO,C,P0A415,22.0,P,,,,
1500,1500,1500,22.0,C,T,C,22.0,THR,C,P0A415,23.0,T,,,,
1501,1501,1501,23.0,C,D,C,23.0,ASP,C,P0A415,24.0,D,,,,
1502,1502,1502,24.0,C,V,C,24.0,VAL,C,P0A415,25.0,V,,,,
1503,1503,1503,25.0,C,L,C,25.0,LEU,C,P0A415,26.0,L,,,,
1504,1504,1504,26.0,C,E,E,26.0,GLU,C,P0A415,27.0,E,,,,
1505,1505,1505,27.0,C,M,E,27.0,MET,C,P0A415,28.0,M,,,,
1506,1506,1506,28.0,C,V,E,28.0,VAL,C,P0A415,29.0,V,,,,
1507,1507,1507,29.0,C,P,E,29.0,PRO,C,P0A415,30.0,P,,,,
1508,1508,1508,30.0,C,W,C,30.0,TRP,C,P0A415,31.0,W,,,,
1509,1509,1509,31.0,C,D,C,31.0,ASP,C,P0A415,32.0,D,,,,
1510,1510,1510,32.0,C,G,C,32.0,GLY,C,P0A415,33.0,G,,,,
1511,1511,1511,33.0,C,C,C,33.0,CYS,C,P0A415,34.0,C,,,,
1512,1512,1512,34.0,C,K,C,34.0,LYS,C,P0A415,35.0,K,,,,
1513,1513,1513,35.0,C,A,C,35.0,ALA,C,P0A415,36.0,A,,,,
1514,1514,1514,36.0,C,G,C,36.0,GLY,C,P0A415,37.0,G,,,,
1515,1515,1515,37.0,C,Q,E,37.0,GLN,C,P0A415,38.0,Q,,,,
1516,1516,1516,38.0,C,I,E,38.0,ILE,C,P0A415,39.0,I,,,,
1517,1517,1517,39.0,C,A,E,39.0,ALA,C,P0A415,40.0,A,,,,
1518,1518,1518,40.0,C,S,E,40.0,SER,C,P0A415,41.0,S,,,,
1519,1519,1519,41.0,C,S,C,41.0,SER,C,P0A415,42.0,S,,,,
1520,1520,1520,42.0,C,P,C,42.0,PRO,C,P0A415,43.0,P,,,,
1521,1521,1521,43.0,C,R,C,43.0,ARG,C,P0A415,44.0,R,,,,
1522,1522,1522,44.0,C,T,C,44.0,THR,C,P0A415,45.0,T,,,,
1523,1523,1523,45.0,C,E,C,45.0,GLU,C,P0A415,46.0,E,,,,
1524,1524,1524,46.0,C,D,C,46.0,ASP,C,P0A415,47.0,D,,,,
1525,1525,1525,47.0,C,C,C,47.0,CYS,C,P0A415,48.0,C,,,,
1526,1526,1526,48.0,C,V,C,48.0,VAL,C,P0A415,49.0,V,,,,
1527,1527,1527,49.0,C,G,C,49.0,GLY,C,P0A415,50.0,G,,,,
1528,1528,1528,50.0,C,C,C,50.0,CYS,C,P0A415,51.0,C,,,,
1529,1529,1529,51.0,C,K,C,51.0,LYS,C,P0A415,52.0,K,,,,
1530,1530,1530,52.0,C,R,H,52.0,ARG,C,P0A415,53.0,R,,,,
1531,1531,1531,53.0,C,C,H,53.0,CYS,C,P0A415,54.0,C,,,,
1532,1532,1532,54.0,C,E,H,54.0,GLU,C,P0A415,55.0,E,,,,
1533,1533,1533,55.0,C,T,H,55.0,THR,C,P0A415,56.0,T,,,,
1534,1534,1534,56.0,C,A,H,56.0,ALA,C,P0A415,57.0,A,,,,
1535,1535,1535,57.0,C,C,C,57.0,CYS,C,P0A415,58.0,C,,,,
1536,1536,1536,58.0,C,P,C,58.0,PRO,C,P0A415,59.0,P,,,,
1537,1537,1537,59.0,C,T,C,59.0,THR,C,P0A415,60.0,T,,,,
1538,1538,1538,60.0,C,D,C,60.0,ASP,C,P0A415,61.0,D,,,,
1539,1539,1539,61.0,C,F,C,61.0,PHE,C,P0A415,62.0,F,,,,
1540,1540,1540,62.0,C,L,C,62.0,LEU,C,P0A415,63.0,L,,,,
1541,1541,1541,63.0,C,S,C,63.0,SER,C,P0A415,64.0,S,,,,
1542,1542,1542,64.0,C,I,E,64.0,ILE,C,P0A415,65.0,I,,,,
1543,1543,1543,65.0,C,R,E,65.0,ARG,C,P0A415,66.0,R,,,,
1544,1544,1544,66.0,C,V,E,66.0,VAL,C,P0A415,67.0,V,,,,
1545,1545,1545,67.0,C,Y,E,67.0,TYR,C,P0A415,68.0,Y,,,,
1546,1546,1546,68.0,C,L,C,68.0,LEU,C,P0A415,69.0,L,,,,
1547,1547,1547,69.0,C,G,C,69.0,GLY,C,P0A415,70.0,G,,,,
1548,1548,1548,70.0,C,A,C,70.0,ALA,C,P0A415,71.0,A,,,,
1549,1549,1549,71.0,C,E,C,71.0,GLU,C,P0A415,72.0,E,,,,
1550,1550,1550,72.0,C,T,C,72.0,THR,C,P0A415,73.0,T,,,,
1551,1551,1551,73.0,C,T,C,73.0,THR,C,P0A415,74.0,T,,,,
1552,1552,1552,74.0,C,R,C,74.0,ARG,C,P0A415,75.0,R,,,,
1553,1553,1553,75.0,C,S,C,75.0,SER,C,P0A415,76.0,S,,,,
1554,1554,1554,76.0,C,M,C,76.0,MET,C,P0A415,77.0,M,,,,
1555,1555,1555,77.0,C,G,C,77.0,GLY,C,P0A415,78.0,G,,,,
1556,1556,1556,78.0,C,L,C,78.0,LEU,C,P0A415,79.0,L,,,,
1557,1557,1557,79.0,C,A,C,79.0,ALA,C,P0A415,80.0,A,,,,
1558,1558,1558,80.0,C,Y,C,80.0,TYR,C,P0A415,81.0,Y,,,,
1559,1559,1559,1.0,D,T,C,1.0,THR,D,P0A420,2.0,T,,,,
1560,1560,1560,2.0,D,T,C,2.0,THR,D,P0A420,3.0,T,,,,
1561,1561,1561,3.0,D,L,C,3.0,LEU,D,P0A420,4.0,L,,,,
1562,1562,1562,4.0,D,T,C,4.0,THR,D,P0A420,5.0,T,,,,
1563,1563,1563,5.0,D,G,C,5.0,GLY,D,P0A420,6.0,G,,,,
1564,1564,1564,6.0,D,Q,C,6.0,GLN,D,P0A420,7.0,Q,,,,
1565,1565,1565,7.0,D,P,C,7.0,PRO,D,P0A420,8.0,P,,,,
1566,1566,1566,8.0,D,P,C,8.0,PRO,D,P0A420,9.0,P,,,,
1567,1567,1567,9.0,D,L,C,9.0,LEU,D,P0A420,10.0,L,,,,
1568,1568,1568,10.0,D,Y,C,10.0,TYR,D,P0A420,11.0,Y,,,,
1569,1569,1569,11.0,D,G,C,11.0,GLY,D,P0A420,12.0,G,,,,
1570,1570,1570,12.0,D,G,C,12.0,GLY,D,P0A420,13.0,G,,,,
1571,1571,1571,13.0,D,S,C,13.0,SER,D,P0A420,14.0,S,,,,
1572,1572,1572,14.0,D,T,C,14.0,THR,D,P0A420,15.0,T,,,,
1573,1573,1573,15.0,D,G,C,15.0,GLY,D,P0A420,16.0,G,,,,
1574,1574,1574,16.0,D,G,C,16.0,GLY,D,P0A420,17.0,G,,,,
1575,1575,1575,17.0,D,L,C,17.0,LEU,D,P0A420,18.0,L,,,,
1576,1576,1576,18.0,D,L,C,18.0,LEU,D,P0A420,19.0,L,,,,
1577,1577,1577,19.0,D,S,C,19.0,SER,D,P0A420,20.0,S,,,,
1578,1578,1578,20.0,D,A,H,20.0,ALA,D,P0A420,21.0,A,,,,
1579,1579,1579,21.0,D,A,H,21.0,ALA,D,P0A420,22.0,A,,,,
1580,1580,1580,22.0,D,D,H,22.0,ASP,D,P0A420,23.0,D,,,,
1581,1581,1581,23.0,D,T,H,23.0,THR,D,P0A420,24.0,T,,,,
1582,1582,1582,24.0,D,E,C,24.0,GLU,D,P0A420,25.0,E,,,,
1583,1583,1583,25.0,D,E,C,25.0,GLU,D,P0A420,26.0,E,,,,
1584,1584,1584,26.0,D,K,E,26.0,LYS,D,P0A420,27.0,K,,,,
1585,1585,1585,27.0,D,Y,E,27.0,TYR,D,P0A420,28.0,Y,,,,
1586,1586,1586,28.0,D,A,E,28.0,ALA,D,P0A420,29.0,A,,,,
1587,1587,1587,29.0,D,I,E,29.0,ILE,D,P0A420,30.0,I,,,,
1588,1588,1588,30.0,D,T,E,30.0,THR,D,P0A420,31.0,T,,,,
1589,1589,1589,31.0,D,W,E,31.0,TRP,D,P0A420,32.0,W,,,,
1590,1590,1590,32.0,D,T,E,32.0,THR,D,P0A420,33.0,T,,,,
1591,1591,1591,33.0,D,S,E,33.0,SER,D,P0A420,34.0,S,,,,
1592,1592,1592,34.0,D,P,C,34.0,PRO,D,P0A420,35.0,P,,,,
1593,1593,1593,35.0,D,K,C,35.0,LYS,D,P0A420,36.0,K,,,,
1594,1594,1594,36.0,D,E,C,36.0,GLU,D,P0A420,37.0,E,,,,
1595,1595,1595,37.0,D,Q,E,37.0,GLN,D,P0A420,38.0,Q,,,,
1596,1596,1596,38.0,D,V,E,38.0,VAL,D,P0A420,39.0,V,,,,
1597,1597,1597,39.0,D,F,E,39.0,PHE,D,P0A420,40.0,F,,,,
1598,1598,1598,40.0,D,E,E,40.0,GLU,D,P0A420,41.0,E,,,,
1599,1599,1599,41.0,D,M,C,41.0,MET,D,P0A420,42.0,M,,,,
1600,1600,1600,42.0,D,P,C,42.0,PRO,D,P0A420,43.0,P,,,,
1601,1601,1601,43.0,D,T,C,43.0,THR,D,P0A420,44.0,T,,,,
1602,1602,1602,44.0,D,A,C,44.0,ALA,D,P0A420,45.0,A,,,,
1603,1603,1603,45.0,D,G,C,45.0,GLY,D,P0A420,46.0,G,,,,
1604,1604,1604,46.0,D,A,E,46.0,ALA,D,P0A420,47.0,A,,,,
1605,1605,1605,47.0,D,A,E,47.0,ALA,D,P0A420,48.0,A,,,,
1606,1606,1606,48.0,D,V,E,48.0,VAL,D,P0A420,49.0,V,,,,
1607,1607,1607,49.0,D,M,E,49.0,MET,D,P0A420,50.0,M,,,,
1608,1608,1608,50.0,D,R,C,50.0,ARG,D,P0A420,51.0,R,,,,
1609,1609,1609,51.0,D,E,C,51.0,GLU,D,P0A420,52.0,E,,,,
1610,1610,1610,52.0,D,G,E,52.0,GLY,D,P0A420,53.0,G,,,,
1611,1611,1611,53.0,D,E,E,53.0,GLU,D,P0A420,54.0,E,,,,
1612,1612,1612,54.0,D,N,E,54.0,ASN,D,P0A420,55.0,N,,,,
1613,1613,1613,55.0,D,L,E,55.0,LEU,D,P0A420,56.0,L,,,,
1614,1614,1614,56.0,D,V,E,56.0,VAL,D,P0A420,57.0,V,,,,
1615,1615,1615,57.0,D,Y,E,57.0,TYR,D,P0A420,58.0,Y,,,,
1616,1616,1616,58.0,D,F,E,58.0,PHE,D,P0A420,59.0,F,,,,
1617,1617,1617,59.0,D,A,C,59.0,ALA,D,P0A420,60.0,A,,,,
1618,1618,1618,60.0,D,R,C,60.0,ARG,D,P0A420,61.0,R,,,,
1619,1619,1619,61.0,D,K,H,61.0,LYS,D,P0A420,62.0,K,,,,
1620,1620,1620,62.0,D,E,H,62.0,GLU,D,P0A420,63.0,E,,,,
1621,1621,1621,63.0,D,Q,H,63.0,GLN,D,P0A420,64.0,Q,,,,
1622,1622,1622,64.0,D,C,H,64.0,CYS,D,P0A420,65.0,C,,,,
1623,1623,1623,65.0,D,L,H,65.0,LEU,D,P0A420,66.0,L,,,,
1624,1624,1624,66.0,D,A,H,66.0,ALA,D,P0A420,67.0,A,,,,
1625,1625,1625,67.0,D,L,H,67.0,LEU,D,P0A420,68.0,L,,,,
1626,1626,1626,68.0,D,A,C,68.0,ALA,D,P0A420,69.0,A,,,,
1627,1627,1627,69.0,D,A,C,69.0,ALA,D,P0A420,70.0,A,,,,
1628,1628,1628,70.0,D,Q,C,70.0,GLN,D,P0A420,71.0,Q,,,,
1629,1629,1629,71.0,D,Q,C,71.0,GLN,D,P0A420,72.0,Q,,,,
1630,1630,1630,72.0,D,L,C,72.0,LEU,D,P0A420,73.0,L,,,,
1631,1631,1631,73.0,D,R,C,73.0,ARG,D,P0A420,74.0,R,,,,
1632,1632,1632,74.0,D,P,C,74.0,PRO,D,P0A420,75.0,P,,,,
1633,1633,1633,75.0,D,R,C,75.0,ARG,D,P0A420,76.0,R,,,,
1634,1634,1634,76.0,D,K,C,76.0,LYS,D,P0A420,77.0,K,,,,
1635,1635,1635,77.0,D,I,C,77.0,ILE,D,P0A420,78.0,I,,,,
1636,1636,1636,78.0,D,N,C,78.0,ASN,D,P0A420,79.0,N,,,,
1637,1637,1637,79.0,D,D,C,79.0,ASP,D,P0A420,80.0,D,,,,
1638,1638,1638,80.0,D,Y,C,80.0,TYR,D,P0A420,81.0,Y,,,,
1639,1639,1639,81.0,D,K,E,81.0,LYS,D,P0A420,82.0,K,,,,
1640,1640,1640,82.0,D,I,E,82.0,ILE,D,P0A420,83.0,I,,,,
1641,1641,1641,83.0,D,Y,E,83.0,TYR,D,P0A420,84.0,Y,,,,
1642,1642,1642,84.0,D,R,E,84.0,ARG,D,P0A420,85.0,R,,,,
1643,1643,1643,85.0,D,I,E,85.0,ILE,D,P0A420,86.0,I,,,,
1644,1644,1644,86.0,D,F,C,86.0,PHE,D,P0A420,87.0,F,,,,
1645,1645,1645,87.0,D,P,C,87.0,PRO,D,P0A420,88.0,P,,,,
1646,1646,1646,88.0,D,D,C,88.0,ASP,D,P0A420,89.0,D,,,,
1647,1647,1647,89.0,D,G,C,89.0,GLY,D,P0A420,90.0,G,,,,
1648,1648,1648,90.0,D,E,C,90.0,GLU,D,P0A420,91.0,E,,,,
1649,1649,1649,91.0,D,T,E,91.0,THR,D,P0A420,92.0,T,,,,
1650,1650,1650,92.0,D,V,E,92.0,VAL,D,P0A420,93.0,V,,,,
1651,1651,1651,93.0,D,L,E,93.0,LEU,D,P0A420,94.0,L,,,,
1652,1652,1652,94.0,D,I,E,94.0,ILE,D,P0A420,95.0,I,,,,
1653,1653,1653,95.0,D,H,E,95.0,HIS,D,P0A420,96.0,H,,,,
1654,1654,1654,96.0,D,P,C,96.0,PRO,D,P0A420,97.0,P,,,,
1655,1655,1655,97.0,D,K,C,97.0,LYS,D,P0A420,98.0,K,,,,
1656,1656,1656,98.0,D,D,C,98.0,ASP,D,P0A420,99.0,D,,,,
1657,1657,1657,99.0,D,G,C,99.0,GLY,D,P0A420,100.0,G,,,,
1658,1658,1658,100.0,D,V,C,100.0,VAL,D,P0A420,101.0,V,,,,
1659,1659,1659,101.0,D,F,C,101.0,PHE,D,P0A420,102.0,F,,,,
1660,1660,1660,102.0,D,P,C,102.0,PRO,D,P0A420,103.0,P,,,,
1661,1661,1661,103.0,D,E,C,103.0,GLU,D,P0A420,104.0,E,,,,
1662,1662,1662,104.0,D,K,C,104.0,LYS,D,P0A420,105.0,K,,,,
1663,1663,1663,105.0,D,V,C,105.0,VAL,D,P0A420,106.0,V,,,,
1664,1664,1664,106.0,D,N,C,106.0,ASN,D,P0A420,107.0,N,,,,
1665,1665,1665,107.0,D,K,C,107.0,LYS,D,P0A420,108.0,K,,,,
1666,1666,1666,108.0,D,G,C,108.0,GLY,D,P0A420,109.0,G,,,,
1667,1667,1667,109.0,D,R,C,109.0,ARG,D,P0A420,110.0,R,,,,
1668,1668,1668,110.0,D,E,C,110.0,GLU,D,P0A420,111.0,E,,,,
1669,1669,1669,111.0,D,A,C,111.0,ALA,D,P0A420,112.0,A,,,,
1670,1670,1670,112.0,D,V,C,112.0,VAL,D,P0A420,113.0,V,,,,
1671,1671,1671,113.0,D,N,C,113.0,ASN,D,P0A420,114.0,N,,,,
1672,1672,1672,114.0,D,S,E,114.0,SER,D,P0A420,115.0,S,,,,
1673,1673,1673,115.0,D,V,E,115.0,VAL,D,P0A420,116.0,V,,,,
1674,1674,1674,116.0,D,P,C,116.0,PRO,D,P0A420,117.0,P,,,,
1675,1675,1675,117.0,D,R,C,117.0,ARG,D,P0A420,118.0,R,,,,
1676,1676,1676,118.0,D,S,C,118.0,SER,D,P0A420,119.0,S,,,,
1677,1677,1677,119.0,D,I,C,119.0,ILE,D,P0A420,120.0,I,,,,
1678,1678,1678,120.0,D,G,C,120.0,GLY,D,P0A420,121.0,G,,,,
1679,1679,1679,121.0,D,Q,C,121.0,GLN,D,P0A420,122.0,Q,,,,
1680,1680,1680,122.0,D,N,C,122.0,ASN,D,P0A420,123.0,N,,,,
1681,1681,1681,123.0,D,P,C,123.0,PRO,D,P0A420,124.0,P,,,,
1682,1682,1682,124.0,D,N,C,124.0,ASN,D,P0A420,125.0,N,,,,
1683,1683,1683,125.0,D,P,H,125.0,PRO,D,P0A420,126.0,P,,,,
1684,1684,1684,126.0,D,S,H,126.0,SER,D,P0A420,127.0,S,,,,
1685,1685,1685,127.0,D,Q,H,127.0,GLN,D,P0A420,128.0,Q,,,,
1686,1686,1686,128.0,D,L,H,128.0,LEU,D,P0A420,129.0,L,,,,
1687,1687,1687,129.0,D,K,C,129.0,LYS,D,P0A420,130.0,K,,,,
1688,1688,1688,130.0,D,F,C,130.0,PHE,D,P0A420,131.0,F,,,,
1689,1689,1689,131.0,D,T,C,131.0,THR,D,P0A420,132.0,T,,,,
1690,1690,1690,132.0,D,G,C,132.0,GLY,D,P0A420,133.0,G,,,,
1691,1691,1691,133.0,D,K,C,133.0,LYS,D,P0A420,134.0,K,,,,
1692,1692,1692,134.0,D,K,C,134.0,LYS,D,P0A420,135.0,K,,,,
1693,1693,1693,135.0,D,P,C,135.0,PRO,D,P0A420,136.0,P,,,,
1694,1694,1694,136.0,D,Y,C,136.0,TYR,D,P0A420,137.0,Y,,,,
1695,1695,1695,137.0,D,D,C,137.0,ASP,D,P0A420,138.0,D,,,,
1696,1696,1696,138.0,D,P,C,138.0,PRO,D,P0A420,139.0,P,,,,
1697,1697,1697,1.0,E,V,C,1.0,VAL,E,P0A423,2.0,V,,,,
1698,1698,1698,2.0,E,Q,C,2.0,GLN,E,P0A423,3.0,Q,,,,
1699,1699,1699,3.0,E,R,C,3.0,ARG,E,P0A423,4.0,R,,,,
1700,1700,1700,4.0,E,G,C,4.0,GLY,E,P0A423,5.0,G,,,,
1701,1701,1701,5.0,E,S,C,5.0,SER,E,P0A423,6.0,S,,,,
1702,1702,1702,6.0,E,K,E,6.0,LYS,E,P0A423,7.0,K,,,,
1703,1703,1703,7.0,E,V,E,7.0,VAL,E,P0A423,8.0,V,,,,
1704,1704,1704,8.0,E,K,E,8.0,LYS,E,P0A423,9.0,K,,,,
1705,1705,1705,9.0,E,I,E,9.0,ILE,E,P0A423,10.0,I,,,,
1706,1706,1706,10.0,E,L,C,10.0,LEU,E,P0A423,11.0,L,,,,
1707,1707,1707,11.0,E,R,C,11.0,ARG,E,P0A423,12.0,R,,,,
1708,1708,1708,12.0,E,P,C,12.0,PRO,E,P0A423,13.0,P,,,,
1709,1709,1709,13.0,E,E,C,13.0,GLU,E,P0A423,14.0,E,,,,
1710,1710,1710,14.0,E,S,C,14.0,SER,E,P0A423,15.0,S,,,,
1711,1711,1711,15.0,E,Y,C,15.0,TYR,E,P0A423,16.0,Y,,,,
1712,1712,1712,16.0,E,W,C,16.0,TRP,E,P0A423,17.0,W,,,,
1713,1713,1713,17.0,E,Y,C,17.0,TYR,E,P0A423,18.0,Y,,,,
1714,1714,1714,18.0,E,N,C,18.0,ASN,E,P0A423,19.0,N,,,,
1715,1715,1715,19.0,E,E,C,19.0,GLU,E,P0A423,20.0,E,,,,
1716,1716,1716,20.0,E,V,E,20.0,VAL,E,P0A423,21.0,V,,,,
1717,1717,1717,21.0,E,G,E,21.0,GLY,E,P0A423,22.0,G,,,,
1718,1718,1718,22.0,E,T,E,22.0,THR,E,P0A423,23.0,T,,,,
1719,1719,1719,23.0,E,V,E,23.0,VAL,E,P0A423,24.0,V,,,,
1720,1720,1720,24.0,E,A,E,24.0,ALA,E,P0A423,25.0,A,,,,
1721,1721,1721,25.0,E,S,E,25.0,SER,E,P0A423,26.0,S,,,,
1722,1722,1722,26.0,E,V,E,26.0,VAL,E,P0A423,27.0,V,,,,
1723,1723,1723,27.0,E,D,C,27.0,ASP,E,P0A423,28.0,D,,,,
1724,1724,1724,28.0,E,Q,C,28.0,GLN,E,P0A423,29.0,Q,,,,
1725,1725,1725,29.0,E,T,C,29.0,THR,E,P0A423,30.0,T,,,,
1726,1726,1726,30.0,E,P,C,30.0,PRO,E,P0A423,31.0,P,,,,
1727,1727,1727,31.0,E,G,C,31.0,GLY,E,P0A423,32.0,G,,,,
1728,1728,1728,32.0,E,V,C,32.0,VAL,E,P0A423,33.0,V,,,,
1729,1729,1729,33.0,E,K,C,33.0,LYS,E,P0A423,34.0,K,,,,
1730,1730,1730,34.0,E,Y,C,34.0,TYR,E,P0A423,35.0,Y,,,,
1731,1731,1731,35.0,E,P,C,35.0,PRO,E,P0A423,36.0,P,,,,
1732,1732,1732,36.0,E,V,E,36.0,VAL,E,P0A423,37.0,V,,,,
1733,1733,1733,37.0,E,I,E,37.0,ILE,E,P0A423,38.0,I,,,,
1734,1734,1734,38.0,E,V,E,38.0,VAL,E,P0A423,39.0,V,,,,
1735,1735,1735,39.0,E,R,E,39.0,ARG,E,P0A423,40.0,R,,,,
1736,1736,1736,40.0,E,F,C,40.0,PHE,E,P0A423,41.0,F,,,,
1737,1737,1737,41.0,E,D,C,41.0,ASP,E,P0A423,42.0,D,,,,
1738,1738,1738,42.0,E,K,C,42.0,LYS,E,P0A423,43.0,K,,,,
1739,1739,1739,43.0,E,V,C,43.0,VAL,E,P0A423,44.0,V,,,,
1740,1740,1740,44.0,E,N,C,44.0,ASN,E,P0A423,45.0,N,,,,
1741,1741,1741,45.0,E,Y,C,45.0,TYR,E,P0A423,46.0,Y,,,,
1742,1742,1742,46.0,E,T,C,46.0,THR,E,P0A423,47.0,T,,,,
1743,1743,1743,47.0,E,G,C,47.0,GLY,E,P0A423,48.0,G,,,,
1744,1744,1744,48.0,E,Y,C,48.0,TYR,E,P0A423,49.0,Y,,,,
1745,1745,1745,49.0,E,S,C,49.0,SER,E,P0A423,50.0,S,,,,
1746,1746,1746,50.0,E,G,C,50.0,GLY,E,P0A423,51.0,G,,,,
1747,1747,1747,51.0,E,S,C,51.0,SER,E,P0A423,52.0,S,,,,
1748,1748,1748,52.0,E,A,C,52.0,ALA,E,P0A423,53.0,A,,,,
1749,1749,1749,53.0,E,S,C,53.0,SER,E,P0A423,54.0,S,,,,
1750,1750,1750,54.0,E,G,C,54.0,GLY,E,P0A423,55.0,G,,,,
1751,1751,1751,55.0,E,V,C,55.0,VAL,E,P0A423,56.0,V,,,,
1752,1752,1752,56.0,E,N,C,56.0,ASN,E,P0A423,57.0,N,,,,
1753,1753,1753,57.0,E,T,E,57.0,THR,E,P0A423,58.0,T,,,,
1754,1754,1754,58.0,E,N,E,58.0,ASN,E,P0A423,59.0,N,,,,
1755,1755,1755,59.0,E,N,E,59.0,ASN,E,P0A423,60.0,N,,,,
1756,1756,1756,60.0,E,F,E,60.0,PHE,E,P0A423,61.0,F,,,,
1757,1757,1757,61.0,E,A,C,61.0,ALA,E,P0A423,62.0,A,,,,
1758,1758,1758,62.0,E,L,C,62.0,LEU,E,P0A423,63.0,L,,,,
1759,1759,1759,63.0,E,H,C,63.0,HIS,E,P0A423,64.0,H,,,,
1760,1760,1760,64.0,E,E,C,64.0,GLU,E,P0A423,65.0,E,,,,
1761,1761,1761,65.0,E,V,E,65.0,VAL,E,P0A423,66.0,V,,,,
1762,1762,1762,66.0,E,Q,E,66.0,GLN,E,P0A423,67.0,Q,,,,
1763,1763,1763,67.0,E,E,E,67.0,GLU,E,P0A423,68.0,E,,,,
1764,1764,1764,68.0,E,V,C,68.0,VAL,E,P0A423,69.0,V,,,,
1765,1765,1765,69.0,E,A,C,69.0,ALA,E,P0A423,70.0,A,,,,
1766,1766,1766,1.0,F,D,C,1.0,ASP,F,P0A401,24.0,D,,,,
1767,1767,1767,2.0,F,V,C,2.0,VAL,F,P0A401,25.0,V,,,,
1768,1768,1768,3.0,F,A,C,3.0,ALA,F,P0A401,26.0,A,,,,
1769,1769,1769,4.0,F,G,C,4.0,GLY,F,P0A401,27.0,G,,,,
1770,1770,1770,5.0,F,L,C,5.0,LEU,F,P0A401,28.0,L,,,,
1771,1771,1771,6.0,F,V,E,6.0,VAL,F,P0A401,29.0,V,,,,
1772,1772,1772,7.0,F,P,E,7.0,PRO,F,P0A401,30.0,P,,,,
1773,1773,1773,8.0,F,a,C,8.0,CYS,F,P0A401,31.0,C,,,,
1774,1774,1774,9.0,F,K,C,9.0,LYS,F,P0A401,32.0,K,,,,
1775,1775,1775,10.0,F,D,C,10.0,ASP,F,P0A401,33.0,D,,,,
1776,1776,1776,11.0,F,S,C,11.0,SER,F,P0A401,34.0,S,,,,
1777,1777,1777,12.0,F,P,H,12.0,PRO,F,P0A401,35.0,P,,,,
1778,1778,1778,13.0,F,A,H,13.0,ALA,F,P0A401,36.0,A,,,,
1779,1779,1779,14.0,F,F,H,14.0,PHE,F,P0A401,37.0,F,,,,
1780,1780,1780,15.0,F,Q,H,15.0,GLN,F,P0A401,38.0,Q,,,,
1781,1781,1781,16.0,F,K,H,16.0,LYS,F,P0A401,39.0,K,,,,
1782,1782,1782,17.0,F,R,H,17.0,ARG,F,P0A401,40.0,R,,,,
1783,1783,1783,18.0,F,A,H,18.0,ALA,F,P0A401,41.0,A,,,,
1784,1784,1784,19.0,F,A,H,19.0,ALA,F,P0A401,42.0,A,,,,
1785,1785,1785,20.0,F,A,C,20.0,ALA,F,P0A401,43.0,A,,,,
1786,1786,1786,21.0,F,A,C,21.0,ALA,F,P0A401,44.0,A,,,,
1787,1787,1787,22.0,F,V,C,22.0,VAL,F,P0A401,45.0,V,,,,
1788,1788,1788,23.0,F,N,C,23.0,ASN,F,P0A401,46.0,N,,,,
1789,1789,1789,24.0,F,T,C,24.0,THR,F,P0A401,47.0,T,,,,
1790,1790,1790,25.0,F,T,C,25.0,THR,F,P0A401,48.0,T,,,,
1791,1791,1791,26.0,F,A,C,26.0,ALA,F,P0A401,49.0,A,,,,
1792,1792,1792,27.0,F,D,C,27.0,ASP,F,P0A401,50.0,D,,,,
1793,1793,1793,28.0,F,P,C,28.0,PRO,F,P0A401,51.0,P,,,,
1794,1794,1794,29.0,F,A,C,29.0,ALA,F,P0A401,52.0,A,,,,
1795,1795,1795,30.0,F,S,H,30.0,SER,F,P0A401,53.0,S,,,,
1796,1796,1796,31.0,F,G,H,31.0,GLY,F,P0A401,54.0,G,,,,
1797,1797,1797,32.0,F,Q,H,32.0,GLN,F,P0A401,55.0,Q,,,,
1798,1798,1798,33.0,F,K,H,33.0,LYS,F,P0A401,56.0,K,,,,
1799,1799,1799,34.0,F,R,H,34.0,ARG,F,P0A401,57.0,R,,,,
1800,1800,1800,35.0,F,F,H,35.0,PHE,F,P0A401,58.0,F,,,,
1801,1801,1801,36.0,F,E,H,36.0,GLU,F,P0A401,59.0,E,,,,
1802,1802,1802,37.0,F,R,H,37.0,ARG,F,P0A401,60.0,R,,,,
1803,1803,1803,38.0,F,Y,H,38.0,TYR,F,P0A401,61.0,Y,,,,
1804,1804,1804,39.0,F,S,C,39.0,SER,F,P0A401,62.0,S,,,,
1805,1805,1805,40.0,F,Q,C,40.0,GLN,F,P0A401,63.0,Q,,,,
1806,1806,1806,41.0,F,A,C,41.0,ALA,F,P0A401,64.0,A,,,,
1807,1807,1807,42.0,F,L,E,42.0,LEU,F,P0A401,65.0,L,,,,
1808,1808,1808,43.0,F,a,E,43.0,CYS,F,P0A401,66.0,C,,,,
1809,1809,1809,44.0,F,G,C,44.0,GLY,F,P0A401,67.0,G,,,,
1810,1810,1810,45.0,F,E,C,45.0,GLU,F,P0A401,68.0,E,,,,
1811,1811,1811,46.0,F,D,C,46.0,ASP,F,P0A401,69.0,D,,,,
1812,1812,1812,47.0,F,G,C,47.0,GLY,F,P0A401,70.0,G,,,,
1813,1813,1813,48.0,F,L,C,48.0,LEU,F,P0A401,71.0,L,,,,
1814,1814,1814,49.0,F,P,C,49.0,PRO,F,P0A401,72.0,P,,,,
1815,1815,1815,50.0,F,H,C,50.0,HIS,F,P0A401,73.0,H,,,,
1816,1816,1816,51.0,F,L,C,51.0,LEU,F,P0A401,74.0,L,,,,
1817,1817,1817,52.0,F,V,C,52.0,VAL,F,P0A401,75.0,V,,,,
1818,1818,1818,53.0,F,V,C,53.0,VAL,F,P0A401,76.0,V,,,,
1819,1819,1819,54.0,F,D,C,54.0,ASP,F,P0A401,77.0,D,,,,
1820,1820,1820,55.0,F,G,C,55.0,GLY,F,P0A401,78.0,G,,,,
1821,1821,1821,56.0,F,R,C,56.0,ARG,F,P0A401,79.0,R,,,,
1822,1822,1822,57.0,F,L,C,57.0,LEU,F,P0A401,80.0,L,,,,
1823,1823,1823,58.0,F,S,C,58.0,SER,F,P0A401,81.0,S,,,,
1824,1824,1824,59.0,F,R,C,59.0,ARG,F,P0A401,82.0,R,,,,
1825,1825,1825,60.0,F,A,C,60.0,ALA,F,P0A401,83.0,A,,,,
1826,1826,1826,61.0,F,G,C,61.0,GLY,F,P0A401,84.0,G,,,,
1827,1827,1827,62.0,F,D,C,62.0,ASP,F,P0A401,85.0,D,,,,
1828,1828,1828,63.0,F,F,C,63.0,PHE,F,P0A401,86.0,F,,,,
1829,1829,1829,64.0,F,L,H,64.0,LEU,F,P0A401,87.0,L,,,,
1830,1830,1830,65.0,F,I,H,65.0,ILE,F,P0A401,88.0,I,,,,
1831,1831,1831,66.0,F,P,H,66.0,PRO,F,P0A401,89.0,P,,,,
1832,1832,1832,67.0,F,S,H,67.0,SER,F,P0A401,90.0,S,,,,
1833,1833,1833,68.0,F,V,H,68.0,VAL,F,P0A401,91.0,V,,,,
1834,1834,1834,69.0,F,L,H,69.0,LEU,F,P0A401,92.0,L,,,,
1835,1835,1835,70.0,F,F,H,70.0,PHE,F,P0A401,93.0,F,,,,
1836,1836,1836,71.0,F,L,H,71.0,LEU,F,P0A401,94.0,L,,,,
1837,1837,1837,72.0,F,Y,H,72.0,TYR,F,P0A401,95.0,Y,,,,
1838,1838,1838,73.0,F,I,H,73.0,ILE,F,P0A401,96.0,I,,,,
1839,1839,1839,74.0,F,A,H,74.0,ALA,F,P0A401,97.0,A,,,,
1840,1840,1840,75.0,F,G,H,75.0,GLY,F,P0A401,98.0,G,,,,
1841,1841,1841,76.0,F,W,H,76.0,TRP,F,P0A401,99.0,W,,,,
1842,1842,1842,77.0,F,I,H,77.0,ILE,F,P0A401,100.0,I,,,,
1843,1843,1843,78.0,F,G,H,78.0,GLY,F,P0A401,101.0,G,,,,
1844,1844,1844,79.0,F,W,H,79.0,TRP,F,P0A401,102.0,W,,,,
1845,1845,1845,80.0,F,V,H,80.0,VAL,F,P0A401,103.0,V,,,,
1846,1846,1846,81.0,F,G,H,81.0,GLY,F,P0A401,104.0,G,,,,
1847,1847,1847,82.0,F,R,H,82.0,ARG,F,P0A401,105.0,R,,,,
1848,1848,1848,83.0,F,A,H,83.0,ALA,F,P0A401,106.0,A,,,,
1849,1849,1849,84.0,F,Y,H,84.0,TYR,F,P0A401,107.0,Y,,,,
1850,1850,1850,85.0,F,L,H,85.0,LEU,F,P0A401,108.0,L,,,,
1851,1851,1851,86.0,F,I,H,86.0,ILE,F,P0A401,109.0,I,,,,
1852,1852,1852,87.0,F,A,H,87.0,ALA,F,P0A401,110.0,A,,,,
1853,1853,1853,88.0,F,V,H,88.0,VAL,F,P0A401,111.0,V,,,,
1854,1854,1854,89.0,F,R,C,89.0,ARG,F,P0A401,112.0,R,,,,
1855,1855,1855,90.0,F,N,C,90.0,ASN,F,P0A401,113.0,N,,,,
1856,1856,1856,91.0,F,S,C,91.0,SER,F,P0A401,114.0,S,,,,
1857,1857,1857,92.0,F,G,C,92.0,GLY,F,P0A401,115.0,G,,,,
1858,1858,1858,93.0,F,E,C,93.0,GLU,F,P0A401,116.0,E,,,,
1859,1859,1859,94.0,F,A,C,94.0,ALA,F,P0A401,117.0,A,,,,
1860,1860,1860,95.0,F,N,C,95.0,ASN,F,P0A401,118.0,N,,,,
1861,1861,1861,96.0,F,E,H,96.0,GLU,F,P0A401,119.0,E,,,,
1862,1862,1862,97.0,F,K,H,97.0,LYS,F,P0A401,120.0,K,,,,
1863,1863,1863,98.0,F,E,H,98.0,GLU,F,P0A401,121.0,E,,,,
1864,1864,1864,99.0,F,I,H,99.0,ILE,F,P0A401,122.0,I,,,,
1865,1865,1865,100.0,F,I,C,100.0,ILE,F,P0A401,123.0,I,,,,
1866,1866,1866,101.0,F,I,C,101.0,ILE,F,P0A401,124.0,I,,,,
1867,1867,1867,102.0,F,D,C,102.0,ASP,F,P0A401,125.0,D,,,,
1868,1868,1868,103.0,F,V,H,103.0,VAL,F,P0A401,126.0,V,,,,
1869,1869,1869,104.0,F,P,H,104.0,PRO,F,P0A401,127.0,P,,,,
1870,1870,1870,105.0,F,L,H,105.0,LEU,F,P0A401,128.0,L,,,,
1871,1871,1871,106.0,F,A,H,106.0,ALA,F,P0A401,129.0,A,,,,
1872,1872,1872,107.0,F,I,H,107.0,ILE,F,P0A401,130.0,I,,,,
1873,1873,1873,108.0,F,K,H,108.0,LYS,F,P0A401,131.0,K,,,,
1874,1874,1874,109.0,F,C,H,109.0,CYS,F,P0A401,132.0,C,,,,
1875,1875,1875,110.0,F,M,H,110.0,MET,F,P0A401,133.0,M,,,,
1876,1876,1876,111.0,F,L,H,111.0,LEU,F,P0A401,134.0,L,,,,
1877,1877,1877,112.0,F,T,C,112.0,THR,F,P0A401,135.0,T,,,,
1878,1878,1878,113.0,F,G,C,113.0,GLY,F,P0A401,136.0,G,,,,
1879,1879,1879,114.0,F,F,C,114.0,PHE,F,P0A401,137.0,F,,,,
1880,1880,1880,115.0,F,A,C,115.0,ALA,F,P0A401,138.0,A,,,,
1881,1881,1881,116.0,F,W,H,116.0,TRP,F,P0A401,139.0,W,,,,
1882,1882,1882,117.0,F,P,H,117.0,PRO,F,P0A401,140.0,P,,,,
1883,1883,1883,118.0,F,L,H,118.0,LEU,F,P0A401,141.0,L,,,,
1884,1884,1884,119.0,F,A,H,119.0,ALA,F,P0A401,142.0,A,,,,
1885,1885,1885,120.0,F,A,H,120.0,ALA,F,P0A401,143.0,A,,,,
1886,1886,1886,121.0,F,L,H,121.0,LEU,F,P0A401,144.0,L,,,,
1887,1887,1887,122.0,F,K,H,122.0,LYS,F,P0A401,145.0,K,,,,
1888,1888,1888,123.0,F,E,H,123.0,GLU,F,P0A401,146.0,E,,,,
1889,1889,1889,124.0,F,L,H,124.0,LEU,F,P0A401,147.0,L,,,,
1890,1890,1890,125.0,F,A,H,125.0,ALA,F,P0A401,148.0,A,,,,
1891,1891,1891,126.0,F,S,C,126.0,SER,F,P0A401,149.0,S,,,,
1892,1892,1892,127.0,F,G,C,127.0,GLY,F,P0A401,150.0,G,,,,
1893,1893,1893,128.0,F,E,C,128.0,GLU,F,P0A401,151.0,E,,,,
1894,1894,1894,129.0,F,L,C,129.0,LEU,F,P0A401,152.0,L,,,,
1895,1895,1895,130.0,F,T,C,130.0,THR,F,P0A401,153.0,T,,,,
1896,1896,1896,131.0,F,A,C,131.0,ALA,F,P0A401,154.0,A,,,,
1897,1897,1897,132.0,F,K,C,132.0,LYS,F,P0A401,155.0,K,,,,
1898,1898,1898,133.0,F,D,C,133.0,ASP,F,P0A401,156.0,D,,,,
1899,1899,1899,134.0,F,N,C,134.0,ASN,F,P0A401,157.0,N,,,,
1900,1900,1900,135.0,F,E,C,135.0,GLU,F,P0A401,158.0,E,,,,
1901,1901,1901,136.0,F,I,C,136.0,ILE,F,P0A401,159.0,I,,,,
1902,1902,1902,137.0,F,T,C,137.0,THR,F,P0A401,160.0,T,,,,
1903,1903,1903,138.0,F,V,C,138.0,VAL,F,P0A401,161.0,V,,,,
1904,1904,1904,139.0,F,S,C,139.0,SER,F,P0A401,162.0,S,,,,
1905,1905,1905,140.0,F,P,C,140.0,PRO,F,P0A401,163.0,P,,,,
1906,1906,1906,141.0,F,R,C,141.0,ARG,F,P0A401,164.0,R,,,,
1907,1907,1907,1.0,G,M,C,1.0,MET,I,P0A427,1.0,M,,,,
1908,1908,1908,2.0,G,M,C,2.0,MET,I,P0A427,2.0,M,,,,
1909,1909,1909,3.0,G,G,C,3.0,GLY,I,P0A427,3.0,G,,,,
1910,1910,1910,4.0,G,S,C,4.0,SER,I,P0A427,4.0,S,,,,
1911,1911,1911,5.0,G,Y,C,5.0,TYR,I,P0A427,5.0,Y,,,,
1912,1912,1912,6.0,G,A,C,6.0,ALA,I,P0A427,6.0,A,,,,
1913,1913,1913,7.0,G,A,C,7.0,ALA,I,P0A427,7.0,A,,,,
1914,1914,1914,8.0,G,S,C,8.0,SER,I,P0A427,8.0,S,,,,
1915,1915,1915,9.0,G,F,C,9.0,PHE,I,P0A427,9.0,F,,,,
1916,1916,1916,10.0,G,L,H,10.0,LEU,I,P0A427,10.0,L,,,,
1917,1917,1917,11.0,G,P,H,11.0,PRO,I,P0A427,11.0,P,,,,
1918,1918,1918,12.0,G,W,H,12.0,TRP,I,P0A427,12.0,W,,,,
1919,1919,1919,13.0,G,I,H,13.0,ILE,I,P0A427,13.0,I,,,,
1920,1920,1920,14.0,G,F,H,14.0,PHE,I,P0A427,14.0,F,,,,
1921,1921,1921,15.0,G,I,H,15.0,ILE,I,P0A427,15.0,I,,,,
1922,1922,1922,16.0,G,P,H,16.0,PRO,I,P0A427,16.0,P,,,,
1923,1923,1923,17.0,G,V,C,17.0,VAL,I,P0A427,17.0,V,,,,
1924,1924,1924,18.0,G,V,C,18.0,VAL,I,P0A427,18.0,V,,,,
1925,1925,1925,19.0,G,C,C,19.0,CYS,I,P0A427,19.0,C,,,,
1926,1926,1926,20.0,G,W,C,20.0,TRP,I,P0A427,20.0,W,,,,
1927,1927,1927,21.0,G,L,C,21.0,LEU,I,P0A427,21.0,L,,,,
1928,1928,1928,22.0,G,M,H,22.0,MET,I,P0A427,22.0,M,,,,
1929,1929,1929,23.0,G,P,H,23.0,PRO,I,P0A427,23.0,P,,,,
1930,1930,1930,24.0,G,T,H,24.0,THR,I,P0A427,24.0,T,,,,
1931,1931,1931,25.0,G,V,H,25.0,VAL,I,P0A427,25.0,V,,,,
1932,1932,1932,26.0,G,V,H,26.0,VAL,I,P0A427,26.0,V,,,,
1933,1933,1933,27.0,G,M,H,27.0,MET,I,P0A427,27.0,M,,,,
1934,1934,1934,28.0,G,G,H,28.0,GLY,I,P0A427,28.0,G,,,,
1935,1935,1935,29.0,G,L,H,29.0,LEU,I,P0A427,29.0,L,,,,
1936,1936,1936,30.0,G,L,H,30.0,LEU,I,P0A427,30.0,L,,,,
1937,1937,1937,31.0,G,F,H,31.0,PHE,I,P0A427,31.0,F,,,,
1938,1938,1938,32.0,G,L,H,32.0,LEU,I,P0A427,32.0,L,,,,
1939,1939,1939,33.0,G,Y,H,33.0,TYR,I,P0A427,33.0,Y,,,,
1940,1940,1940,34.0,G,I,H,34.0,ILE,I,P0A427,34.0,I,,,,
1941,1941,1941,35.0,G,E,H,35.0,GLU,I,P0A427,35.0,E,,,,
1942,1942,1942,36.0,G,G,C,36.0,GLY,I,P0A427,36.0,G,,,,
1943,1943,1943,37.0,G,E,C,37.0,GLU,I,P0A427,37.0,E,,,,
1944,1944,1944,38.0,G,A,C,38.0,ALA,I,P0A427,38.0,A,,,,
1945,1945,1945,1.0,H,M,C,1.0,MET,J,P0A429,1.0,M,,,,
1946,1946,1946,2.0,H,K,H,2.0,LYS,J,P0A429,2.0,K,,,,
1947,1947,1947,3.0,H,H,H,3.0,HIS,J,P0A429,3.0,H,,,,
1948,1948,1948,4.0,H,F,H,4.0,PHE,J,P0A429,4.0,F,,,,
1949,1949,1949,5.0,H,L,H,5.0,LEU,J,P0A429,5.0,L,,,,
1950,1950,1950,6.0,H,T,H,6.0,THR,J,P0A429,6.0,T,,,,
1951,1951,1951,7.0,H,Y,H,7.0,TYR,J,P0A429,7.0,Y,,,,
1952,1952,1952,8.0,H,L,C,8.0,LEU,J,P0A429,8.0,L,,,,
1953,1953,1953,9.0,H,S,C,9.0,SER,J,P0A429,9.0,S,,,,
1954,1954,1954,10.0,H,T,C,10.0,THR,J,P0A429,10.0,T,,,,
1955,1955,1955,11.0,H,A,H,11.0,ALA,J,P0A429,11.0,A,,,,
1956,1956,1956,12.0,H,P,H,12.0,PRO,J,P0A429,12.0,P,,,,
1957,1957,1957,13.0,H,V,H,13.0,VAL,J,P0A429,13.0,V,,,,
1958,1958,1958,14.0,H,L,H,14.0,LEU,J,P0A429,14.0,L,,,,
1959,1959,1959,15.0,H,A,H,15.0,ALA,J,P0A429,15.0,A,,,,
1960,1960,1960,16.0,H,A,H,16.0,ALA,J,P0A429,16.0,A,,,,
1961,1961,1961,17.0,H,I,H,17.0,ILE,J,P0A429,17.0,I,,,,
1962,1962,1962,18.0,H,W,H,18.0,TRP,J,P0A429,18.0,W,,,,
1963,1963,1963,19.0,H,M,H,19.0,MET,J,P0A429,19.0,M,,,,
1964,1964,1964,20.0,H,T,H,20.0,THR,J,P0A429,20.0,T,,,,
1965,1965,1965,21.0,H,I,H,21.0,ILE,J,P0A429,21.0,I,,,,
1966,1966,1966,22.0,H,T,H,22.0,THR,J,P0A429,22.0,T,,,,
1967,1967,1967,23.0,H,A,H,23.0,ALA,J,P0A429,23.0,A,,,,
1968,1968,1968,24.0,H,G,H,24.0,GLY,J,P0A429,24.0,G,,,,
1969,1969,1969,25.0,H,I,H,25.0,ILE,J,P0A429,25.0,I,,,,
1970,1970,1970,26.0,H,L,H,26.0,LEU,J,P0A429,26.0,L,,,,
1971,1971,1971,27.0,H,I,H,27.0,ILE,J,P0A429,27.0,I,,,,
1972,1972,1972,28.0,H,E,H,28.0,GLU,J,P0A429,28.0,E,,,,
1973,1973,1973,29.0,H,F,H,29.0,PHE,J,P0A429,29.0,F,,,,
1974,1974,1974,30.0,H,N,H,30.0,ASN,J,P0A429,30.0,N,,,,
1975,1975,1975,31.0,H,R,H,31.0,ARG,J,P0A429,31.0,R,,,,
1976,1976,1976,32.0,H,F,H,32.0,PHE,J,P0A429,32.0,F,,,,
1977,1977,1977,33.0,H,Y,C,33.0,TYR,J,P0A429,33.0,Y,,,,
1978,1978,1978,34.0,H,P,C,34.0,PRO,J,P0A429,34.0,P,,,,
1979,1979,1979,35.0,H,D,C,35.0,ASP,J,P0A429,35.0,D,,,,
1980,1980,1980,36.0,H,L,C,36.0,LEU,J,P0A429,36.0,L,,,,
1981,1981,1981,37.0,H,L,C,37.0,LEU,J,P0A429,37.0,L,,,,
1982,1982,1982,38.0,H,F,C,38.0,PHE,J,P0A429,38.0,F,,,,
1983,1983,1983,39.0,H,H,C,39.0,HIS,J,P0A429,39.0,H,,,,
1984,1984,1984,40.0,H,P,C,40.0,PRO,J,P0A429,40.0,P,,,,
1985,1985,1985,41.0,H,L,C,41.0,LEU,J,P0A429,41.0,L,,,,
1986,1986,1986,20.0,I,I,C,20.0,ILE,K,P0A425,20.0,I,,,,
1987,1987,1987,21.0,I,L,H,21.0,LEU,K,P0A425,21.0,L,,,,
1988,1988,1988,22.0,I,C,H,22.0,CYS,K,P0A425,22.0,C,,,,
1989,1989,1989,23.0,I,N,H,23.0,ASN,K,P0A425,23.0,N,,,,
1990,1990,1990,24.0,I,L,H,24.0,LEU,K,P0A425,24.0,L,,,,
1991,1991,1991,25.0,I,F,H,25.0,PHE,K,P0A425,25.0,F,,,,
1992,1992,1992,26.0,I,A,H,26.0,ALA,K,P0A425,26.0,A,,,,
1993,1993,1993,27.0,I,I,H,27.0,ILE,K,P0A425,27.0,I,,,,
1994,1994,1994,28.0,I,A,H,28.0,ALA,K,P0A425,28.0,A,,,,
1995,1995,1995,29.0,I,L,H,29.0,LEU,K,P0A425,29.0,L,,,,
1996,1996,1996,30.0,I,G,H,30.0,GLY,K,P0A425,30.0,G,,,,
1997,1997,1997,31.0,I,R,H,31.0,ARG,K,P0A425,31.0,R,,,,
1998,1998,1998,32.0,I,Y,C,32.0,TYR,K,P0A425,32.0,Y,,,,
1999,1999,1999,34.0,I,I,C,34.0,ILE,K,P0A425,34.0,I,,,,
2000,2000,2000,35.0,I,Q,C,35.0,GLN,K,P0A425,35.0,Q,,,,
2001,2001,2001,36.0,I,S,C,36.0,SER,K,P0A425,36.0,S,,,,
2002,2002,2002,37.0,I,R,C,37.0,ARG,K,P0A425,37.0,R,,,,
2003,2003,2003,38.0,I,G,C,38.0,GLY,K,P0A425,38.0,G,,,,
2004,2004,2004,39.0,I,K,C,39.0,LYS,K,P0A425,39.0,K,,,,
2005,2005,2005,40.0,I,G,C,40.0,GLY,K,P0A425,40.0,G,,,,
2006,2006,2006,41.0,I,P,C,41.0,PRO,K,P0A425,41.0,P,,,,
2007,2007,2007,42.0,I,G,C,42.0,GLY,K,P0A425,42.0,G,,,,
2008,2008,2008,43.0,I,L,C,43.0,LEU,K,P0A425,43.0,L,,,,
2009,2009,2009,55.0,I,G,C,55.0,GLY,K,P0A425,55.0,G,,,,
2010,2010,2010,56.0,I,L,C,56.0,LEU,K,P0A425,56.0,L,,,,
2011,2011,2011,57.0,I,P,C,57.0,PRO,K,P0A425,57.0,P,,,,
2012,2012,2012,58.0,I,E,C,58.0,GLU,K,P0A425,58.0,E,,,,
2013,2013,2013,59.0,I,L,C,59.0,LEU,K,P0A425,59.0,L,,,,
2014,2014,2014,60.0,I,L,C,60.0,LEU,K,P0A425,60.0,L,,,,
2015,2015,2015,61.0,I,A,C,61.0,ALA,K,P0A425,61.0,A,,,,
2016,2016,2016,62.0,I,T,H,62.0,THR,K,P0A425,62.0,T,,,,
2017,2017,2017,63.0,I,T,H,63.0,THR,K,P0A425,63.0,T,,,,
2018,2018,2018,64.0,I,S,H,64.0,SER,K,P0A425,64.0,S,,,,
2019,2019,2019,65.0,I,F,H,65.0,PHE,K,P0A425,65.0,F,,,,
2020,2020,2020,66.0,I,G,H,66.0,GLY,K,P0A425,66.0,G,,,,
2021,2021,2021,67.0,I,H,H,67.0,HIS,K,P0A425,67.0,H,,,,
2022,2022,2022,68.0,I,L,H,68.0,LEU,K,P0A425,68.0,L,,,,
2023,2023,2023,69.0,I,L,H,69.0,LEU,K,P0A425,69.0,L,,,,
2024,2024,2024,70.0,I,A,H,70.0,ALA,K,P0A425,70.0,A,,,,
2025,2025,2025,71.0,I,A,H,71.0,ALA,K,P0A425,71.0,A,,,,
2026,2026,2026,72.0,I,G,H,72.0,GLY,K,P0A425,72.0,G,,,,
2027,2027,2027,73.0,I,V,H,73.0,VAL,K,P0A425,73.0,V,,,,
2028,2028,2028,74.0,I,V,C,74.0,VAL,K,P0A425,74.0,V,,,,
2029,2029,2029,75.0,I,S,C,75.0,SER,K,P0A425,75.0,S,,,,
2030,2030,2030,76.0,I,G,C,76.0,GLY,K,P0A425,76.0,G,,,,
2031,2031,2031,77.0,I,L,C,77.0,LEU,K,P0A425,77.0,L,,,,
2032,2032,2032,4.0,J,L,C,4.0,LEU,L,Q8DGB4,5.0,L,,,,
2033,2033,2033,5.0,J,V,C,5.0,VAL,L,Q8DGB4,6.0,V,,,,
2034,2034,2034,6.0,J,K,E,6.0,LYS,L,Q8DGB4,7.0,K,,,,
2035,2035,2035,7.0,J,P,E,7.0,PRO,L,Q8DGB4,8.0,P,,,,
2036,2036,2036,8.0,J,Y,C,8.0,TYR,L,Q8DGB4,9.0,Y,,,,
2037,2037,2037,9.0,J,N,C,9.0,ASN,L,Q8DGB4,10.0,N,,,,
2038,2038,2038,10.0,J,G,C,10.0,GLY,L,Q8DGB4,11.0,G,,,,
2039,2039,2039,11.0,J,D,C,11.0,ASP,L,Q8DGB4,12.0,D,,,,
2040,2040,2040,12.0,J,P,C,12.0,PRO,L,Q8DGB4,13.0,P,,,,
2041,2041,2041,13.0,J,F,C,13.0,PHE,L,Q8DGB4,14.0,F,,,,
2042,2042,2042,14.0,J,V,C,14.0,VAL,L,Q8DGB4,15.0,V,,,,
2043,2043,2043,15.0,J,G,C,15.0,GLY,L,Q8DGB4,16.0,G,,,,
2044,2044,2044,16.0,J,H,C,16.0,HIS,L,Q8DGB4,17.0,H,,,,
2045,2045,2045,17.0,J,L,E,17.0,LEU,L,Q8DGB4,18.0,L,,,,
2046,2046,2046,18.0,J,S,E,18.0,SER,L,Q8DGB4,19.0,S,,,,
2047,2047,2047,19.0,J,T,C,19.0,THR,L,Q8DGB4,20.0,T,,,,
2048,2048,2048,20.0,J,P,H,20.0,PRO,L,Q8DGB4,21.0,P,,,,
2049,2049,2049,21.0,J,I,H,21.0,ILE,L,Q8DGB4,22.0,I,,,,
2050,2050,2050,22.0,J,S,H,22.0,SER,L,Q8DGB4,23.0,S,,,,
2051,2051,2051,23.0,J,D,H,23.0,ASP,L,Q8DGB4,24.0,D,,,,
2052,2052,2052,24.0,J,S,C,24.0,SER,L,Q8DGB4,25.0,S,,,,
2053,2053,2053,25.0,J,G,H,25.0,GLY,L,Q8DGB4,26.0,G,,,,
2054,2054,2054,26.0,J,L,H,26.0,LEU,L,Q8DGB4,27.0,L,,,,
2055,2055,2055,27.0,J,V,H,27.0,VAL,L,Q8DGB4,28.0,V,,,,
2056,2056,2056,28.0,J,K,H,28.0,LYS,L,Q8DGB4,29.0,K,,,,
2057,2057,2057,29.0,J,T,H,29.0,THR,L,Q8DGB4,30.0,T,,,,
2058,2058,2058,30.0,J,F,H,30.0,PHE,L,Q8DGB4,31.0,F,,,,
2059,2059,2059,31.0,J,I,H,31.0,ILE,L,Q8DGB4,32.0,I,,,,
2060,2060,2060,32.0,J,G,H,32.0,GLY,L,Q8DGB4,33.0,G,,,,
2061,2061,2061,33.0,J,N,C,33.0,ASN,L,Q8DGB4,34.0,N,,,,
2062,2062,2062,34.0,J,L,C,34.0,LEU,L,Q8DGB4,35.0,L,,,,
2063,2063,2063,35.0,J,P,C,35.0,PRO,L,Q8DGB4,36.0,P,,,,
2064,2064,2064,36.0,J,A,C,36.0,ALA,L,Q8DGB4,37.0,A,,,,
2065,2065,2065,37.0,J,Y,C,37.0,TYR,L,Q8DGB4,38.0,Y,,,,
2066,2066,2066,38.0,J,R,C,38.0,ARG,L,Q8DGB4,39.0,R,,,,
2067,2067,2067,39.0,J,Q,C,39.0,GLN,L,Q8DGB4,40.0,Q,,,,
2068,2068,2068,40.0,J,G,C,40.0,GLY,L,Q8DGB4,41.0,G,,,,
2069,2069,2069,41.0,J,L,C,41.0,LEU,L,Q8DGB4,42.0,L,,,,
2070,2070,2070,42.0,J,S,C,42.0,SER,L,Q8DGB4,43.0,S,,,,
2071,2071,2071,43.0,J,P,H,43.0,PRO,L,Q8DGB4,44.0,P,,,,
2072,2072,2072,44.0,J,I,H,44.0,ILE,L,Q8DGB4,45.0,I,,,,
2073,2073,2073,45.0,J,L,H,45.0,LEU,L,Q8DGB4,46.0,L,,,,
2074,2074,2074,46.0,J,R,H,46.0,ARG,L,Q8DGB4,47.0,R,,,,
2075,2075,2075,47.0,J,G,H,47.0,GLY,L,Q8DGB4,48.0,G,,,,
2076,2076,2076,48.0,J,L,H,48.0,LEU,L,Q8DGB4,49.0,L,,,,
2077,2077,2077,49.0,J,E,H,49.0,GLU,L,Q8DGB4,50.0,E,,,,
2078,2078,2078,50.0,J,V,H,50.0,VAL,L,Q8DGB4,51.0,V,,,,
2079,2079,2079,51.0,J,G,H,51.0,GLY,L,Q8DGB4,52.0,G,,,,
2080,2080,2080,52.0,J,M,H,52.0,MET,L,Q8DGB4,53.0,M,,,,
2081,2081,2081,53.0,J,A,H,53.0,ALA,L,Q8DGB4,54.0,A,,,,
2082,2082,2082,54.0,J,H,H,54.0,HIS,L,Q8DGB4,55.0,H,,,,
2083,2083,2083,55.0,J,G,H,55.0,GLY,L,Q8DGB4,56.0,G,,,,
2084,2084,2084,56.0,J,Y,H,56.0,TYR,L,Q8DGB4,57.0,Y,,,,
2085,2085,2085,57.0,J,F,H,57.0,PHE,L,Q8DGB4,58.0,F,,,,
2086,2086,2086,58.0,J,L,H,58.0,LEU,L,Q8DGB4,59.0,L,,,,
2087,2087,2087,59.0,J,I,C,59.0,ILE,L,Q8DGB4,60.0,I,,,,
2088,2088,2088,60.0,J,G,H,60.0,GLY,L,Q8DGB4,61.0,G,,,,
2089,2089,2089,61.0,J,P,H,61.0,PRO,L,Q8DGB4,62.0,P,,,,
2090,2090,2090,62.0,J,W,H,62.0,TRP,L,Q8DGB4,63.0,W,,,,
2091,2091,2091,63.0,J,V,H,63.0,VAL,L,Q8DGB4,64.0,V,,,,
2092,2092,2092,64.0,J,K,H,64.0,LYS,L,Q8DGB4,65.0,K,,,,
2093,2093,2093,65.0,J,L,H,65.0,LEU,L,Q8DGB4,66.0,L,,,,
2094,2094,2094,66.0,J,G,C,66.0,GLY,L,Q8DGB4,67.0,G,,,,
2095,2095,2095,67.0,J,P,C,67.0,PRO,L,Q8DGB4,68.0,P,,,,
2096,2096,2096,68.0,J,L,C,68.0,LEU,L,Q8DGB4,69.0,L,,,,
2097,2097,2097,69.0,J,R,C,69.0,ARG,L,Q8DGB4,70.0,R,,,,
2098,2098,2098,70.0,J,D,C,70.0,ASP,L,Q8DGB4,71.0,D,,,,
2099,2099,2099,71.0,J,S,C,71.0,SER,L,Q8DGB4,72.0,S,,,,
2100,2100,2100,72.0,J,D,C,72.0,ASP,L,Q8DGB4,73.0,D,,,,
2101,2101,2101,73.0,J,V,C,73.0,VAL,L,Q8DGB4,74.0,V,,,,
2102,2102,2102,74.0,J,A,H,74.0,ALA,L,Q8DGB4,75.0,A,,,,
2103,2103,2103,75.0,J,N,H,75.0,ASN,L,Q8DGB4,76.0,N,,,,
2104,2104,2104,76.0,J,L,H,76.0,LEU,L,Q8DGB4,77.0,L,,,,
2105,2105,2105,77.0,J,G,H,77.0,GLY,L,Q8DGB4,78.0,G,,,,
2106,2106,2106,78.0,J,G,H,78.0,GLY,L,Q8DGB4,79.0,G,,,,
2107,2107,2107,79.0,J,L,H,79.0,LEU,L,Q8DGB4,80.0,L,,,,
2108,2108,2108,80.0,J,I,H,80.0,ILE,L,Q8DGB4,81.0,I,,,,
2109,2109,2109,81.0,J,S,H,81.0,SER,L,Q8DGB4,82.0,S,,,,
2110,2110,2110,82.0,J,G,H,82.0,GLY,L,Q8DGB4,83.0,G,,,,
2111,2111,2111,83.0,J,I,H,83.0,ILE,L,Q8DGB4,84.0,I,,,,
2112,2112,2112,84.0,J,A,H,84.0,ALA,L,Q8DGB4,85.0,A,,,,
2113,2113,2113,85.0,J,L,H,85.0,LEU,L,Q8DGB4,86.0,L,,,,
2114,2114,2114,86.0,J,I,H,86.0,ILE,L,Q8DGB4,87.0,I,,,,
2115,2115,2115,87.0,J,L,H,87.0,LEU,L,Q8DGB4,88.0,L,,,,
2116,2116,2116,88.0,J,V,H,88.0,VAL,L,Q8DGB4,89.0,V,,,,
2117,2117,2117,89.0,J,A,H,89.0,ALA,L,Q8DGB4,90.0,A,,,,
2118,2118,2118,90.0,J,T,H,90.0,THR,L,Q8DGB4,91.0,T,,,,
2119,2119,2119,91.0,J,A,H,91.0,ALA,L,Q8DGB4,92.0,A,,,,
2120,2120,2120,92.0,J,C,H,92.0,CYS,L,Q8DGB4,93.0,C,,,,
2121,2121,2121,93.0,J,L,H,93.0,LEU,L,Q8DGB4,94.0,L,,,,
2122,2122,2122,94.0,J,A,H,94.0,ALA,L,Q8DGB4,95.0,A,,,,
2123,2123,2123,95.0,J,A,H,95.0,ALA,L,Q8DGB4,96.0,A,,,,
2124,2124,2124,96.0,J,Y,H,96.0,TYR,L,Q8DGB4,97.0,Y,,,,
2125,2125,2125,97.0,J,G,H,97.0,GLY,L,Q8DGB4,98.0,G,,,,
2126,2126,2126,98.0,J,L,H,98.0,LEU,L,Q8DGB4,99.0,L,,,,
2127,2127,2127,99.0,J,V,H,99.0,VAL,L,Q8DGB4,100.0,V,,,,
2128,2128,2128,100.0,J,S,H,100.0,SER,L,Q8DGB4,101.0,S,,,,
2129,2129,2129,101.0,J,F,C,101.0,PHE,L,Q8DGB4,102.0,F,,,,
2130,2130,2130,102.0,J,Q,C,102.0,GLN,L,Q8DGB4,103.0,Q,,,,
2131,2131,2131,103.0,J,K,C,103.0,LYS,L,Q8DGB4,104.0,K,,,,
2132,2132,2132,104.0,J,G,C,104.0,GLY,L,Q8DGB4,105.0,G,,,,
2133,2133,2133,105.0,J,G,C,105.0,GLY,L,Q8DGB4,106.0,G,,,,
2134,2134,2134,106.0,J,S,C,106.0,SER,L,Q8DGB4,107.0,S,,,,
2135,2135,2135,107.0,J,S,C,107.0,SER,L,Q8DGB4,108.0,S,,,,
2136,2136,2136,108.0,J,S,C,108.0,SER,L,Q8DGB4,109.0,S,,,,
2137,2137,2137,109.0,J,D,C,109.0,ASP,L,Q8DGB4,110.0,D,,,,
2138,2138,2138,110.0,J,P,C,110.0,PRO,L,Q8DGB4,111.0,P,,,,
2139,2139,2139,111.0,J,L,C,111.0,LEU,L,Q8DGB4,112.0,L,,,,
2140,2140,2140,112.0,J,K,C,112.0,LYS,L,Q8DGB4,113.0,K,,,,
2141,2141,2141,113.0,J,T,C,113.0,THR,L,Q8DGB4,114.0,T,,,,
2142,2142,2142,114.0,J,S,H,114.0,SER,L,Q8DGB4,115.0,S,,,,
2143,2143,2143,115.0,J,E,H,115.0,GLU,L,Q8DGB4,116.0,E,,,,
2144,2144,2144,116.0,J,G,H,116.0,GLY,L,Q8DGB4,117.0,G,,,,
2145,2145,2145,117.0,J,W,H,117.0,TRP,L,Q8DGB4,118.0,W,,,,
2146,2146,2146,118.0,J,S,H,118.0,SER,L,Q8DGB4,119.0,S,,,,
2147,2147,2147,119.0,J,Q,H,119.0,GLN,L,Q8DGB4,120.0,Q,,,,
2148,2148,2148,120.0,J,F,H,120.0,PHE,L,Q8DGB4,121.0,F,,,,
2149,2149,2149,121.0,J,T,H,121.0,THR,L,Q8DGB4,122.0,T,,,,
2150,2150,2150,122.0,J,A,H,122.0,ALA,L,Q8DGB4,123.0,A,,,,
2151,2151,2151,123.0,J,G,H,123.0,GLY,L,Q8DGB4,124.0,G,,,,
2152,2152,2152,124.0,J,F,H,124.0,PHE,L,Q8DGB4,125.0,F,,,,
2153,2153,2153,125.0,J,F,H,125.0,PHE,L,Q8DGB4,126.0,F,,,,
2154,2154,2154,126.0,J,V,H,126.0,VAL,L,Q8DGB4,127.0,V,,,,
2155,2155,2155,127.0,J,G,H,127.0,GLY,L,Q8DGB4,128.0,G,,,,
2156,2156,2156,128.0,J,A,H,128.0,ALA,L,Q8DGB4,129.0,A,,,,
2157,2157,2157,129.0,J,M,H,129.0,MET,L,Q8DGB4,130.0,M,,,,
2158,2158,2158,130.0,J,G,H,130.0,GLY,L,Q8DGB4,131.0,G,,,,
2159,2159,2159,131.0,J,S,H,131.0,SER,L,Q8DGB4,132.0,S,,,,
2160,2160,2160,132.0,J,A,H,132.0,ALA,L,Q8DGB4,133.0,A,,,,
2161,2161,2161,133.0,J,F,H,133.0,PHE,L,Q8DGB4,134.0,F,,,,
2162,2162,2162,134.0,J,V,H,134.0,VAL,L,Q8DGB4,135.0,V,,,,
2163,2163,2163,135.0,J,A,H,135.0,ALA,L,Q8DGB4,136.0,A,,,,
2164,2164,2164,136.0,J,F,H,136.0,PHE,L,Q8DGB4,137.0,F,,,,
2165,2165,2165,137.0,J,F,H,137.0,PHE,L,Q8DGB4,138.0,F,,,,
2166,2166,2166,138.0,J,L,H,138.0,LEU,L,Q8DGB4,139.0,L,,,,
2167,2167,2167,139.0,J,L,H,139.0,LEU,L,Q8DGB4,140.0,L,,,,
2168,2168,2168,140.0,J,E,H,140.0,GLU,L,Q8DGB4,141.0,E,,,,
2169,2169,2169,141.0,J,N,C,141.0,ASN,L,Q8DGB4,142.0,N,,,,
2170,2170,2170,142.0,J,F,H,142.0,PHE,L,Q8DGB4,143.0,F,,,,
2171,2171,2171,143.0,J,L,H,143.0,LEU,L,Q8DGB4,144.0,S,,,,
2172,2172,2172,144.0,J,V,H,144.0,VAL,L,Q8DGB4,145.0,V,,,,
2173,2173,2173,145.0,J,V,H,145.0,VAL,L,Q8DGB4,146.0,V,,,,
2174,2174,2174,146.0,J,D,H,146.0,ASP,L,Q8DGB4,147.0,D,,,,
2175,2175,2175,147.0,J,G,H,147.0,GLY,L,Q8DGB4,148.0,G,,,,
2176,2176,2176,148.0,J,I,H,148.0,ILE,L,Q8DGB4,149.0,I,,,,
2177,2177,2177,149.0,J,M,H,149.0,MET,L,Q8DGB4,150.0,M,,,,
2178,2178,2178,150.0,J,T,H,150.0,THR,L,Q8DGB4,151.0,T,,,,
2179,2179,2179,151.0,J,G,C,151.0,GLY,L,Q8DGB4,152.0,G,,,,
2180,2180,2180,152.0,J,L,C,152.0,LEU,L,Q8DGB4,153.0,L,,,,
2181,2181,2181,153.0,J,F,C,153.0,PHE,L,Q8DGB4,154.0,F,,,,
2182,2182,2182,154.0,J,N,C,154.0,ASN,L,Q8DGB4,155.0,N,,,,
2183,2183,2183,1.0,K,M,C,1.0,MET,M,P0A403,1.0,M,,,,
2184,2184,2184,2.0,K,A,C,2.0,ALA,M,P0A403,2.0,A,,,,
2185,2185,2185,3.0,K,L,C,3.0,LEU,M,P0A403,3.0,L,,,,
2186,2186,2186,4.0,K,T,C,4.0,THR,M,P0A403,4.0,T,,,,
2187,2187,2187,5.0,K,D,H,5.0,ASP,M,P0A403,5.0,D,,,,
2188,2188,2188,6.0,K,T,H,6.0,THR,M,P0A403,6.0,T,,,,
2189,2189,2189,7.0,K,Q,H,7.0,GLN,M,P0A403,7.0,Q,,,,
2190,2190,2190,8.0,K,V,H,8.0,VAL,M,P0A403,8.0,V,,,,
2191,2191,2191,9.0,K,Y,H,9.0,TYR,M,P0A403,9.0,Y,,,,
2192,2192,2192,10.0,K,V,H,10.0,VAL,M,P0A403,10.0,V,,,,
2193,2193,2193,11.0,K,A,H,11.0,ALA,M,P0A403,11.0,A,,,,
2194,2194,2194,12.0,K,L,H,12.0,LEU,M,P0A403,12.0,L,,,,
2195,2195,2195,13.0,K,V,H,13.0,VAL,M,P0A403,13.0,V,,,,
2196,2196,2196,14.0,K,I,H,14.0,ILE,M,P0A403,14.0,I,,,,
2197,2197,2197,15.0,K,A,H,15.0,ALA,M,P0A403,15.0,A,,,,
2198,2198,2198,16.0,K,L,H,16.0,LEU,M,P0A403,16.0,L,,,,
2199,2199,2199,17.0,K,L,H,17.0,LEU,M,P0A403,17.0,L,,,,
2200,2200,2200,18.0,K,P,H,18.0,PRO,M,P0A403,18.0,P,,,,
2201,2201,2201,19.0,K,A,H,19.0,ALA,M,P0A403,19.0,A,,,,
2202,2202,2202,20.0,K,V,H,20.0,VAL,M,P0A403,20.0,V,,,,
2203,2203,2203,21.0,K,L,H,21.0,LEU,M,P0A403,21.0,L,,,,
2204,2204,2204,22.0,K,A,H,22.0,ALA,M,P0A403,22.0,A,,,,
2205,2205,2205,23.0,K,F,H,23.0,PHE,M,P0A403,23.0,F,,,,
2206,2206,2206,24.0,K,R,H,24.0,ARG,M,P0A403,24.0,R,,,,
2207,2207,2207,25.0,K,L,H,25.0,LEU,M,P0A403,25.0,L,,,,
2208,2208,2208,26.0,K,S,H,26.0,SER,M,P0A403,26.0,S,,,,
2209,2209,2209,27.0,K,T,H,27.0,THR,M,P0A403,27.0,T,,,,
2210,2210,2210,28.0,K,E,H,28.0,GLU,M,P0A403,28.0,E,,,,
2211,2211,2211,29.0,K,L,H,29.0,LEU,M,P0A403,29.0,L,,,,
2212,2212,2212,30.0,K,Y,C,30.0,TYR,M,P0A403,30.0,Y,,,,
2213,2213,2213,31.0,K,K,C,31.0,LYS,M,P0A403,31.0,K,,,,
2214,2214,2214,7.0,L,P,C,7.0,PRO,X,Q8DKP6,11.0,P,,,,
2215,2215,2215,8.0,L,T,C,8.0,THR,X,Q8DKP6,12.0,T,,,,
2216,2216,2216,9.0,L,Y,C,9.0,TYR,X,Q8DKP6,13.0,Y,,,,
2217,2217,2217,10.0,L,A,C,10.0,ALA,X,Q8DKP6,14.0,A,,,,
2218,2218,2218,11.0,L,F,H,11.0,PHE,X,Q8DKP6,15.0,F,,,,
2219,2219,2219,12.0,L,R,H,12.0,ARG,X,Q8DKP6,16.0,R,,,,
2220,2220,2220,13.0,L,T,H,13.0,THR,X,Q8DKP6,17.0,T,,,,
2221,2221,2221,14.0,L,F,H,14.0,PHE,X,Q8DKP6,18.0,F,,,,
2222,2222,2222,15.0,L,W,H,15.0,TRP,X,Q8DKP6,19.0,W,,,,
2223,2223,2223,16.0,L,A,H,16.0,ALA,X,Q8DKP6,20.0,A,,,,
2224,2224,2224,17.0,L,V,H,17.0,VAL,X,Q8DKP6,21.0,V,,,,
2225,2225,2225,18.0,L,L,H,18.0,LEU,X,Q8DKP6,22.0,L,,,,
2226,2226,2226,19.0,L,L,H,19.0,LEU,X,Q8DKP6,23.0,L,,,,
2227,2227,2227,20.0,L,L,H,20.0,LEU,X,Q8DKP6,24.0,L,,,,
2228,2228,2228,21.0,L,A,H,21.0,ALA,X,Q8DKP6,25.0,A,,,,
2229,2229,2229,22.0,L,I,H,22.0,ILE,X,Q8DKP6,26.0,I,,,,
2230,2230,2230,23.0,L,N,H,23.0,ASN,X,Q8DKP6,27.0,N,,,,
2231,2231,2231,24.0,L,F,H,24.0,PHE,X,Q8DKP6,28.0,F,,,,
2232,2232,2232,25.0,L,L,H,25.0,LEU,X,Q8DKP6,29.0,L,,,,
2233,2233,2233,26.0,L,V,H,26.0,VAL,X,Q8DKP6,30.0,V,,,,
2234,2234,2234,27.0,L,A,H,27.0,ALA,X,Q8DKP6,31.0,A,,,,
2235,2235,2235,28.0,L,A,H,28.0,ALA,X,Q8DKP6,32.0,A,,,,
2236,2236,2236,29.0,L,Y,H,29.0,TYR,X,Q8DKP6,33.0,Y,,,,
2237,2237,2237,30.0,L,Y,H,30.0,TYR,X,Q8DKP6,34.0,Y,,,,
2238,2238,2238,31.0,L,F,H,31.0,PHE,X,Q8DKP6,35.0,F,,,,
