,Unnamed: 0,Unnamed: 0.1,Unnamed: 0.1.1,RES,CHAIN,AA,SS_CLASS,PDB_dbResNum,PDB_dbResName,PDB_dbChainId,UniProt_dbAccessionId,UniProt_dbResNum,UniProt_dbResName,shifted Uni,AF_predictions,Jpred_seq,Jpred_SS_pred,JP_Confidence
0,0,0,0,1.0,A,A,C,1.0,ALA,A,P14900,2.0,A,A,C,A,C,9.0
1,1,1,1,2.0,A,D,C,2.0,ASP,A,P14900,3.0,D,D,C,D,C,9.0
2,2,2,2,3.0,A,Y,C,3.0,TYR,A,P14900,4.0,Y,Y,C,Y,C,9.0
3,3,3,3,4.0,A,Q,C,4.0,GLN,A,P14900,5.0,Q,Q,C,Q,C,8.0
4,4,4,4,5.0,A,G,C,5.0,GLY,A,P14900,6.0,G,G,C,G,C,8.0
5,5,5,5,6.0,A,K,C,6.0,LYS,A,P14900,7.0,K,K,C,K,C,4.0
6,6,6,6,7.0,A,N,C,7.0,ASN,A,P14900,8.0,N,N,C,N,E,5.0
7,7,7,7,8.0,A,V,E,8.0,VAL,A,P14900,9.0,V,V,E,V,E,8.0
8,8,8,8,9.0,A,V,E,9.0,VAL,A,P14900,10.0,V,V,E,V,E,8.0
9,9,9,9,10.0,A,I,E,10.0,ILE,A,P14900,11.0,I,I,E,I,E,8.0
10,10,10,10,11.0,A,I,E,11.0,ILE,A,P14900,12.0,I,I,E,I,E,8.0
11,11,11,11,12.0,A,G,C,12.0,GLY,A,P14900,13.0,G,G,C,G,E,7.0
12,12,12,12,13.0,A,L,C,13.0,LEU,A,P14900,14.0,L,L,C,L,E,1.0
13,13,13,13,14.0,A,G,H,14.0,GLY,A,P14900,15.0,G,G,C,G,H,0.0
14,14,14,14,15.0,A,L,H,15.0,LEU,A,P14900,16.0,L,L,H,L,H,1.0
15,15,15,15,16.0,A,T,H,16.0,THR,A,P14900,17.0,T,T,H,T,H,0.0
16,16,16,16,17.0,A,G,H,17.0,GLY,A,P14900,18.0,G,G,H,G,H,4.0
17,17,17,17,18.0,A,L,H,18.0,LEU,A,P14900,19.0,L,L,H,L,H,8.0
18,18,18,18,19.0,A,S,H,19.0,SER,A,P14900,20.0,S,S,H,S,H,9.0
19,19,19,19,20.0,A,C,H,20.0,CYS,A,P14900,21.0,C,C,H,C,H,9.0
20,20,20,20,21.0,A,V,H,21.0,VAL,A,P14900,22.0,V,V,H,V,H,9.0
21,21,21,21,22.0,A,D,H,22.0,ASP,A,P14900,23.0,D,D,H,D,H,9.0
22,22,22,22,23.0,A,F,H,23.0,PHE,A,P14900,24.0,F,F,H,F,H,9.0
23,23,23,23,24.0,A,F,H,24.0,PHE,A,P14900,25.0,F,F,H,F,H,9.0
24,24,24,24,25.0,A,L,H,25.0,LEU,A,P14900,26.0,L,L,H,L,H,8.0
25,25,25,25,26.0,A,A,C,26.0,ALA,A,P14900,27.0,A,A,C,A,H,5.0
26,26,26,26,27.0,A,R,C,27.0,ARG,A,P14900,28.0,R,R,C,R,C,3.0
27,27,27,27,28.0,A,G,C,28.0,GLY,A,P14900,29.0,G,G,C,G,C,7.0
28,28,28,28,29.0,A,V,C,29.0,VAL,A,P14900,30.0,V,V,C,V,C,8.0
29,29,29,29,30.0,A,T,C,30.0,THR,A,P14900,31.0,T,T,C,T,C,0.0
30,30,30,30,31.0,A,P,C,31.0,PRO,A,P14900,32.0,P,P,C,P,E,3.0
31,31,31,31,32.0,A,R,E,32.0,ARG,A,P14900,33.0,R,R,E,R,E,6.0
32,32,32,32,33.0,A,V,E,33.0,VAL,A,P14900,34.0,V,V,E,V,E,4.0
33,33,33,33,34.0,A,M,E,34.0,MET,A,P14900,35.0,M,M,E,M,E,2.0
34,34,34,34,35.0,A,D,E,35.0,ASP,A,P14900,36.0,D,D,E,D,C,2.0
35,35,35,35,36.0,A,T,C,36.0,THR,A,P14900,37.0,T,T,C,T,C,7.0
36,36,36,36,37.0,A,R,C,37.0,ARG,A,P14900,38.0,R,R,C,R,C,7.0
37,37,37,37,38.0,A,M,C,38.0,MET,A,P14900,39.0,M,M,C,M,C,6.0
38,38,38,38,39.0,A,T,C,39.0,THR,A,P14900,40.0,T,T,C,T,C,4.0
39,39,39,39,40.0,A,P,C,40.0,PRO,A,P14900,41.0,P,P,C,P,H,1.0
40,40,40,40,41.0,A,P,C,41.0,PRO,A,P14900,42.0,P,P,C,P,H,3.0
41,41,41,41,42.0,A,G,C,42.0,GLY,A,P14900,43.0,G,G,C,G,H,5.0
42,42,42,42,43.0,A,L,C,43.0,LEU,A,P14900,44.0,L,L,C,L,H,7.0
43,43,43,43,44.0,A,D,C,44.0,ASP,A,P14900,45.0,D,D,C,D,H,6.0
44,44,44,44,45.0,A,K,C,45.0,LYS,A,P14900,46.0,K,K,C,K,H,6.0
45,45,45,45,46.0,A,L,C,46.0,LEU,A,P14900,47.0,L,L,C,L,H,5.0
46,46,46,46,47.0,A,P,C,47.0,PRO,A,P14900,48.0,P,P,C,P,H,0.0
47,47,47,47,48.0,A,E,C,48.0,GLU,A,P14900,49.0,E,E,C,E,C,5.0
48,48,48,48,49.0,A,A,C,49.0,ALA,A,P14900,50.0,A,A,C,A,C,6.0
49,49,49,49,50.0,A,V,C,50.0,VAL,A,P14900,51.0,V,V,C,V,C,4.0
50,50,50,50,51.0,A,E,C,51.0,GLU,A,P14900,52.0,E,E,C,E,C,0.0
51,51,51,51,52.0,A,R,E,52.0,ARG,A,P14900,53.0,R,R,E,R,E,7.0
52,52,52,52,53.0,A,H,E,53.0,HIS,A,P14900,54.0,H,H,E,H,E,7.0
53,53,53,53,54.0,A,T,E,54.0,THR,A,P14900,55.0,T,T,E,T,E,4.0
54,54,54,54,55.0,A,G,C,55.0,GLY,A,P14900,56.0,G,G,C,G,C,3.0
55,55,55,55,56.0,A,S,C,56.0,SER,A,P14900,57.0,S,S,C,S,C,6.0
56,56,56,56,57.0,A,L,C,57.0,LEU,A,P14900,58.0,L,L,C,L,C,7.0
57,57,57,57,58.0,A,N,C,58.0,ASN,A,P14900,59.0,N,N,C,N,C,6.0
58,58,58,58,59.0,A,D,H,59.0,ASP,A,P14900,60.0,D,D,H,D,C,4.0
59,59,59,59,60.0,A,E,H,60.0,GLU,A,P14900,61.0,E,E,H,E,C,4.0
60,60,60,60,61.0,A,W,H,61.0,TRP,A,P14900,62.0,W,W,H,W,C,4.0
61,61,61,61,62.0,A,L,H,62.0,LEU,A,P14900,63.0,L,L,H,L,C,6.0
62,62,62,62,63.0,A,M,H,63.0,MET,A,P14900,64.0,M,M,H,M,C,7.0
63,63,63,63,64.0,A,A,C,64.0,ALA,A,P14900,65.0,A,A,C,A,C,6.0
64,64,64,64,65.0,A,A,C,65.0,ALA,A,P14900,66.0,A,A,C,A,C,4.0
65,65,65,65,66.0,A,D,C,66.0,ASP,A,P14900,67.0,D,D,C,D,E,1.0
66,66,66,66,67.0,A,L,E,67.0,LEU,A,P14900,68.0,L,L,E,L,E,8.0
67,67,67,67,68.0,A,I,E,68.0,ILE,A,P14900,69.0,I,I,E,I,E,8.0
68,68,68,68,69.0,A,V,E,69.0,VAL,A,P14900,70.0,V,V,E,V,E,7.0
69,69,69,69,70.0,A,A,E,70.0,ALA,A,P14900,71.0,A,A,E,A,E,4.0
70,70,70,70,71.0,A,S,C,71.0,SER,A,P14900,72.0,S,S,C,S,E,0.0
71,71,71,71,72.0,A,P,C,72.0,PRO,A,P14900,73.0,P,P,C,P,C,7.0
72,72,72,72,73.0,A,G,C,73.0,GLY,A,P14900,74.0,G,G,C,G,C,8.0
73,73,73,73,74.0,A,I,C,74.0,ILE,A,P14900,75.0,I,I,C,I,C,8.0
74,74,74,74,75.0,A,A,C,75.0,ALA,A,P14900,76.0,A,A,C,A,C,7.0
75,75,75,75,76.0,A,L,C,76.0,LEU,A,P14900,77.0,L,L,C,L,C,6.0
76,76,76,76,77.0,A,A,C,77.0,ALA,A,P14900,78.0,A,A,C,A,C,3.0
77,77,77,77,78.0,A,H,C,78.0,HIS,A,P14900,79.0,H,H,C,H,H,2.0
78,78,78,78,79.0,A,P,H,79.0,PRO,A,P14900,80.0,P,P,H,P,H,8.0
79,79,79,79,80.0,A,S,H,80.0,SER,A,P14900,81.0,S,S,H,S,H,9.0
80,80,80,80,81.0,A,L,H,81.0,LEU,A,P14900,82.0,L,L,H,L,H,9.0
81,81,81,81,82.0,A,S,H,82.0,SER,A,P14900,83.0,S,S,H,S,H,9.0
82,82,82,82,83.0,A,A,H,83.0,ALA,A,P14900,84.0,A,A,H,A,H,8.0
83,83,83,83,84.0,A,A,H,84.0,ALA,A,P14900,85.0,A,A,H,A,H,8.0
84,84,84,84,85.0,A,A,H,85.0,ALA,A,P14900,86.0,A,A,H,A,H,7.0
85,85,85,85,86.0,A,D,H,86.0,ASP,A,P14900,87.0,D,D,H,D,H,5.0
86,86,86,86,87.0,A,A,C,87.0,ALA,A,P14900,88.0,A,A,C,A,C,3.0
87,87,87,87,88.0,A,G,C,88.0,GLY,A,P14900,89.0,G,G,C,G,C,8.0
88,88,88,88,89.0,A,I,C,89.0,ILE,A,P14900,90.0,I,I,C,I,C,8.0
89,89,89,89,90.0,A,E,E,90.0,GLU,A,P14900,91.0,E,E,E,E,C,4.0
90,90,90,90,91.0,A,I,E,91.0,ILE,A,P14900,92.0,I,I,E,I,C,1.0
91,91,91,91,92.0,A,V,E,92.0,VAL,A,P14900,93.0,V,V,E,V,C,7.0
92,92,92,92,93.0,A,G,C,93.0,GLY,A,P14900,94.0,G,G,C,G,C,9.0
93,93,93,93,94.0,A,D,H,94.0,ASP,A,P14900,95.0,D,D,H,,,
94,94,94,94,95.0,A,I,H,95.0,ILE,A,P14900,96.0,I,I,H,,,
95,95,95,95,96.0,A,E,H,96.0,GLU,A,P14900,97.0,E,E,H,,,
96,96,96,96,97.0,A,L,H,97.0,LEU,A,P14900,98.0,L,L,H,,,
97,97,97,97,98.0,A,F,H,98.0,PHE,A,P14900,99.0,F,F,H,,,
98,98,98,98,99.0,A,C,H,99.0,CYS,A,P14900,100.0,C,C,H,,,
99,99,99,99,100.0,A,R,H,100.0,ARG,A,P14900,101.0,R,R,H,,,
100,100,100,100,101.0,A,E,H,101.0,GLU,A,P14900,102.0,E,E,H,,,
101,101,101,101,102.0,A,A,C,102.0,ALA,A,P14900,103.0,A,A,C,,,
102,102,102,102,103.0,A,Q,C,103.0,GLN,A,P14900,104.0,Q,Q,C,,,
103,103,103,103,104.0,A,A,C,104.0,ALA,A,P14900,105.0,A,A,C,,,
104,104,104,104,105.0,A,P,C,105.0,PRO,A,P14900,106.0,P,P,C,,,
105,105,105,105,106.0,A,I,E,106.0,ILE,A,P14900,107.0,I,I,E,,,
106,106,106,106,107.0,A,V,E,107.0,VAL,A,P14900,108.0,V,V,E,,,
107,107,107,107,108.0,A,A,E,108.0,ALA,A,P14900,109.0,A,A,E,,,
108,108,108,108,109.0,A,I,E,109.0,ILE,A,P14900,110.0,I,I,E,,,
109,109,109,109,110.0,A,T,E,110.0,THR,A,P14900,111.0,T,T,E,,,
110,110,110,110,111.0,A,G,C,111.0,GLY,A,P14900,112.0,G,G,C,,,
111,111,111,111,112.0,A,S,C,112.0,SER,A,P14900,113.0,S,S,C,,,
112,112,112,112,113.0,A,N,C,113.0,ASN,A,P14900,114.0,N,N,C,,,
113,113,113,113,114.0,A,G,C,114.0,GLY,A,P14900,115.0,G,G,C,,,
114,114,114,114,115.0,A,K,H,115.0,LYS,A,P14900,116.0,K,K,H,,,
115,115,115,115,116.0,A,S,H,116.0,SER,A,P14900,117.0,S,S,H,,,
116,116,116,116,117.0,A,T,H,117.0,THR,A,P14900,118.0,T,T,H,,,
117,117,117,117,118.0,A,V,H,118.0,VAL,A,P14900,119.0,V,V,H,,,
118,118,118,118,119.0,A,T,H,119.0,THR,A,P14900,120.0,T,T,H,,,
119,119,119,119,120.0,A,T,H,120.0,THR,A,P14900,121.0,T,T,H,,,
120,120,120,120,121.0,A,L,H,121.0,LEU,A,P14900,122.0,L,L,H,,,
121,121,121,121,122.0,A,V,H,122.0,VAL,A,P14900,123.0,V,V,H,,,
122,122,122,122,123.0,A,G,H,123.0,GLY,A,P14900,124.0,G,G,H,,,
123,123,123,123,124.0,A,E,H,124.0,GLU,A,P14900,125.0,E,E,H,,,
124,124,124,124,125.0,A,M,H,125.0,MET,A,P14900,126.0,M,M,H,,,
125,125,125,125,126.0,A,A,H,126.0,ALA,A,P14900,127.0,A,A,H,,,
126,126,126,126,127.0,A,K,H,127.0,LYS,A,P14900,128.0,K,K,H,,,
127,127,127,127,128.0,A,A,H,128.0,ALA,A,P14900,129.0,A,A,H,,,
128,128,128,128,129.0,A,A,C,129.0,ALA,A,P14900,130.0,A,A,C,,,
129,129,129,129,130.0,A,G,C,130.0,GLY,A,P14900,131.0,G,G,C,,,
130,130,130,130,131.0,A,V,C,131.0,VAL,A,P14900,132.0,V,V,C,,,
131,131,131,131,132.0,A,N,C,132.0,ASN,A,P14900,133.0,N,N,C,,,
132,132,132,132,133.0,A,V,E,133.0,VAL,A,P14900,134.0,V,V,E,,,
133,133,133,133,134.0,A,G,E,134.0,GLY,A,P14900,135.0,G,G,E,,,
134,134,134,134,135.0,A,V,E,135.0,VAL,A,P14900,136.0,V,V,E,,,
135,135,135,135,136.0,A,G,E,136.0,GLY,A,P14900,137.0,G,G,E,,,
136,136,136,136,137.0,A,G,E,137.0,GLY,A,P14900,138.0,G,G,E,,,
137,137,137,137,138.0,A,N,C,138.0,ASN,A,P14900,139.0,N,N,C,,,
138,138,138,138,139.0,A,I,C,139.0,ILE,A,P14900,140.0,I,I,C,,,
139,139,139,139,140.0,A,G,C,140.0,GLY,A,P14900,141.0,G,G,C,,,
140,140,140,140,141.0,A,L,C,141.0,LEU,A,P14900,142.0,L,L,C,,,
141,141,141,141,142.0,A,P,C,142.0,PRO,A,P14900,143.0,P,P,C,,,
142,142,142,142,143.0,A,A,H,143.0,ALA,A,P14900,144.0,A,A,C,,,
143,143,143,143,144.0,A,L,H,144.0,LEU,A,P14900,145.0,L,L,C,,,
144,144,144,144,145.0,A,M,H,145.0,MET,A,P14900,146.0,M,M,C,,,
145,145,145,145,146.0,A,L,H,146.0,LEU,A,P14900,147.0,L,L,C,,,
146,146,146,146,147.0,A,L,C,147.0,LEU,A,P14900,148.0,L,L,C,,,
147,147,147,147,148.0,A,D,C,148.0,ASP,A,P14900,149.0,D,D,C,,,
148,148,148,148,149.0,A,D,C,149.0,ASP,A,P14900,150.0,D,D,C,,,
149,149,149,149,150.0,A,E,C,150.0,GLU,A,P14900,151.0,E,E,C,,,
150,150,150,150,151.0,A,C,C,151.0,CYS,A,P14900,152.0,C,C,C,,,
151,151,151,151,152.0,A,E,C,152.0,GLU,A,P14900,153.0,E,E,C,,,
152,152,152,152,153.0,A,L,E,153.0,LEU,A,P14900,154.0,L,L,E,,,
153,153,153,153,154.0,A,Y,E,154.0,TYR,A,P14900,155.0,Y,Y,E,,,
154,154,154,154,155.0,A,V,E,155.0,VAL,A,P14900,156.0,V,V,E,,,
155,155,155,155,156.0,A,L,E,156.0,LEU,A,P14900,157.0,L,L,E,,,
156,156,156,156,157.0,A,E,E,157.0,GLU,A,P14900,158.0,E,E,E,,,
157,157,157,157,158.0,A,L,C,158.0,LEU,A,P14900,159.0,L,L,C,,,
158,158,158,158,159.0,A,S,C,159.0,SER,A,P14900,160.0,S,S,C,,,
159,159,159,159,160.0,A,S,H,160.0,SER,A,P14900,161.0,S,S,H,,,
160,160,160,160,161.0,A,F,H,161.0,PHE,A,P14900,162.0,F,F,H,,,
161,161,161,161,162.0,A,Q,H,162.0,GLN,A,P14900,163.0,Q,Q,H,,,
162,162,162,162,163.0,A,L,H,163.0,LEU,A,P14900,164.0,L,L,H,,,
163,163,163,163,164.0,A,E,H,164.0,GLU,A,P14900,165.0,E,E,C,,,
164,164,164,164,165.0,A,T,C,165.0,THR,A,P14900,166.0,T,T,C,,,
165,165,165,165,166.0,A,T,C,166.0,THR,A,P14900,167.0,T,T,C,,,
166,166,166,166,167.0,A,S,C,167.0,SER,A,P14900,168.0,S,S,C,,,
167,167,167,167,168.0,A,S,C,168.0,SER,A,P14900,169.0,S,S,C,,,
168,168,168,168,169.0,A,L,C,169.0,LEU,A,P14900,170.0,L,L,C,,,
169,169,169,169,170.0,A,Q,C,170.0,GLN,A,P14900,171.0,Q,Q,C,,,
170,170,170,170,171.0,A,A,C,171.0,ALA,A,P14900,172.0,A,A,C,,,
171,171,171,171,172.0,A,V,C,172.0,VAL,A,P14900,173.0,V,V,C,,,
172,172,172,172,173.0,A,A,E,173.0,ALA,A,P14900,174.0,A,A,E,,,
173,173,173,173,174.0,A,A,E,174.0,ALA,A,P14900,175.0,A,A,E,,,
174,174,174,174,175.0,A,T,E,175.0,THR,A,P14900,176.0,T,T,E,,,
175,175,175,175,176.0,A,I,E,176.0,ILE,A,P14900,177.0,I,I,E,,,
176,176,176,176,177.0,A,L,C,177.0,LEU,A,P14900,178.0,L,L,C,,,
177,177,177,177,178.0,A,N,C,178.0,ASN,A,P14900,179.0,N,N,C,,,
178,178,178,178,179.0,A,V,C,179.0,VAL,A,P14900,180.0,V,V,C,,,
179,179,179,179,180.0,A,T,C,180.0,THR,A,P14900,181.0,T,T,C,,,
180,180,180,180,181.0,A,E,C,181.0,GLU,A,P14900,182.0,E,E,C,,,
181,181,181,181,182.0,A,D,C,182.0,ASP,A,P14900,183.0,D,D,C,,,
182,182,182,182,183.0,A,H,C,183.0,HIS,A,P14900,184.0,H,H,C,,,
183,183,183,183,184.0,A,M,C,184.0,MET,A,P14900,185.0,M,M,C,,,
184,184,184,184,185.0,A,D,C,185.0,ASP,A,P14900,186.0,D,D,C,,,
185,185,185,185,186.0,A,R,C,186.0,ARG,A,P14900,187.0,R,R,C,,,
186,186,186,186,187.0,A,Y,C,187.0,TYR,A,P14900,188.0,Y,Y,C,,,
187,187,187,187,188.0,A,P,C,188.0,PRO,A,P14900,189.0,P,P,C,,,
188,188,188,188,189.0,A,F,C,189.0,PHE,A,P14900,190.0,F,F,C,,,
189,189,189,189,190.0,A,G,H,190.0,GLY,A,P14900,191.0,G,G,C,,,
190,190,190,190,191.0,A,L,H,191.0,LEU,A,P14900,192.0,L,L,H,,,
191,191,191,191,192.0,A,Q,H,192.0,GLN,A,P14900,193.0,Q,Q,H,,,
192,192,192,192,193.0,A,Q,H,193.0,GLN,A,P14900,194.0,Q,Q,H,,,
193,193,193,193,194.0,A,Y,H,194.0,TYR,A,P14900,195.0,Y,Y,H,,,
194,194,194,194,195.0,A,R,H,195.0,ARG,A,P14900,196.0,R,R,H,,,
195,195,195,195,196.0,A,A,H,196.0,ALA,A,P14900,197.0,A,A,H,,,
196,196,196,196,197.0,A,A,H,197.0,ALA,A,P14900,198.0,A,A,H,,,
197,197,197,197,198.0,A,X,H,198.0,KCX,A,P14900,199.0,K,K,H,,,
198,198,198,198,199.0,A,L,H,199.0,LEU,A,P14900,200.0,L,L,H,,,
199,199,199,199,200.0,A,R,C,200.0,ARG,A,P14900,201.0,R,R,C,,,
200,200,200,200,201.0,A,I,C,201.0,ILE,A,P14900,202.0,I,I,C,,,
201,201,201,201,202.0,A,Y,C,202.0,TYR,A,P14900,203.0,Y,Y,C,,,
202,202,202,202,203.0,A,E,C,203.0,GLU,A,P14900,204.0,E,E,C,,,
203,203,203,203,204.0,A,N,C,204.0,ASN,A,P14900,205.0,N,N,C,,,
204,204,204,204,205.0,A,A,C,205.0,ALA,A,P14900,206.0,A,A,C,,,
205,205,205,205,206.0,A,K,C,206.0,LYS,A,P14900,207.0,K,K,C,,,
206,206,206,206,207.0,A,V,E,207.0,VAL,A,P14900,208.0,V,V,E,,,
207,207,207,207,208.0,A,a,E,208.0,CYS,A,P14900,209.0,C,C,E,,,
208,208,208,208,209.0,A,V,E,209.0,VAL,A,P14900,210.0,V,V,E,,,
209,209,209,209,210.0,A,V,E,210.0,VAL,A,P14900,211.0,V,V,E,,,
210,210,210,210,211.0,A,N,E,211.0,ASN,A,P14900,212.0,N,N,E,,,
211,211,211,211,212.0,A,A,C,212.0,ALA,A,P14900,213.0,A,A,C,,,
212,212,212,212,213.0,A,D,C,213.0,ASP,A,P14900,214.0,D,D,C,,,
213,213,213,213,214.0,A,D,C,214.0,ASP,A,P14900,215.0,D,D,C,,,
214,214,214,214,215.0,A,A,C,215.0,ALA,A,P14900,216.0,A,A,C,,,
215,215,215,215,216.0,A,L,C,216.0,LEU,A,P14900,217.0,L,L,C,,,
216,216,216,216,217.0,A,T,C,217.0,THR,A,P14900,218.0,T,T,C,,,
217,217,217,217,218.0,A,M,C,218.0,MET,A,P14900,219.0,M,M,C,,,
218,218,218,218,219.0,A,P,C,219.0,PRO,A,P14900,220.0,P,P,C,,,
219,219,219,219,220.0,A,I,C,220.0,ILE,A,P14900,221.0,I,I,C,,,
220,220,220,220,221.0,A,R,C,221.0,ARG,A,P14900,222.0,R,R,C,,,
221,221,221,221,222.0,A,G,C,222.0,GLY,A,P14900,223.0,G,G,C,,,
222,222,222,222,223.0,A,A,C,223.0,ALA,A,P14900,224.0,A,A,C,,,
223,223,223,223,224.0,A,D,C,224.0,ASP,A,P14900,225.0,D,D,C,,,
224,224,224,224,225.0,A,E,C,225.0,GLU,A,P14900,226.0,E,E,C,,,
225,225,225,225,226.0,A,R,C,226.0,ARG,A,P14900,227.0,R,R,C,,,
226,226,226,226,227.0,A,a,C,227.0,CYS,A,P14900,228.0,C,C,E,,,
227,227,227,227,228.0,A,V,E,228.0,VAL,A,P14900,229.0,V,V,E,,,
228,228,228,228,229.0,A,S,E,229.0,SER,A,P14900,230.0,S,S,E,,,
229,229,229,229,230.0,A,F,E,230.0,PHE,A,P14900,231.0,F,F,E,,,
230,230,230,230,231.0,A,G,C,231.0,GLY,A,P14900,232.0,G,G,E,,,
231,231,231,231,232.0,A,V,C,232.0,VAL,A,P14900,233.0,V,V,C,,,
232,232,232,232,233.0,A,N,C,233.0,ASN,A,P14900,234.0,N,N,C,,,
233,233,233,233,234.0,A,M,C,234.0,MET,A,P14900,235.0,M,M,C,,,
234,234,234,234,235.0,A,G,C,235.0,GLY,A,P14900,236.0,G,G,C,,,
235,235,235,235,236.0,A,D,C,236.0,ASP,A,P14900,237.0,D,D,C,,,
236,236,236,236,237.0,A,Y,E,237.0,TYR,A,P14900,238.0,Y,Y,E,,,
237,237,237,237,238.0,A,H,E,238.0,HIS,A,P14900,239.0,H,H,E,,,
238,238,238,238,239.0,A,L,E,239.0,LEU,A,P14900,240.0,L,L,E,,,
239,239,239,239,240.0,A,N,E,240.0,ASN,A,P14900,241.0,N,N,E,,,
240,240,240,240,241.0,A,H,E,241.0,HIS,A,P14900,242.0,H,H,E,,,
241,241,241,241,242.0,A,Q,E,242.0,GLN,A,P14900,243.0,Q,Q,E,,,
242,242,242,242,243.0,A,Q,C,243.0,GLN,A,P14900,244.0,Q,Q,C,,,
243,243,243,243,244.0,A,G,C,244.0,GLY,A,P14900,245.0,G,G,C,,,
244,244,244,244,245.0,A,E,E,245.0,GLU,A,P14900,246.0,E,E,E,,,
245,245,245,245,246.0,A,T,E,246.0,THR,A,P14900,247.0,T,T,E,,,
246,246,246,246,247.0,A,W,E,247.0,TRP,A,P14900,248.0,W,W,E,,,
247,247,247,247,248.0,A,L,E,248.0,LEU,A,P14900,249.0,L,L,E,,,
248,248,248,248,249.0,A,R,E,249.0,ARG,A,P14900,250.0,R,R,E,,,
249,249,249,249,250.0,A,V,E,250.0,VAL,A,P14900,251.0,V,V,E,,,
250,250,250,250,251.0,A,K,C,251.0,LYS,A,P14900,252.0,K,K,C,,,
251,251,251,251,252.0,A,G,C,252.0,GLY,A,P14900,253.0,G,G,C,,,
252,252,252,252,253.0,A,E,E,253.0,GLU,A,P14900,254.0,E,E,E,,,
253,253,253,253,254.0,A,K,E,254.0,LYS,A,P14900,255.0,K,K,E,,,
254,254,254,254,255.0,A,V,E,255.0,VAL,A,P14900,256.0,V,V,E,,,
255,255,255,255,256.0,A,L,E,256.0,LEU,A,P14900,257.0,L,L,E,,,
256,256,256,256,257.0,A,N,E,257.0,ASN,A,P14900,258.0,N,N,E,,,
257,257,257,257,258.0,A,V,C,258.0,VAL,A,P14900,259.0,V,V,C,,,
258,258,258,258,259.0,A,K,C,259.0,LYS,A,P14900,260.0,K,K,C,,,
259,259,259,259,260.0,A,E,C,260.0,GLU,A,P14900,261.0,E,E,C,,,
260,260,260,260,261.0,A,M,C,261.0,MET,A,P14900,262.0,M,M,C,,,
261,261,261,261,262.0,A,K,C,262.0,LYS,A,P14900,263.0,K,K,C,,,
262,262,262,262,263.0,A,L,C,263.0,LEU,A,P14900,264.0,L,L,C,,,
263,263,263,263,264.0,A,S,C,264.0,SER,A,P14900,265.0,S,S,C,,,
264,264,264,264,265.0,A,G,C,265.0,GLY,A,P14900,266.0,G,G,C,,,
265,265,265,265,266.0,A,Q,H,266.0,GLN,A,P14900,267.0,Q,Q,H,,,
266,266,266,266,267.0,A,H,H,267.0,HIS,A,P14900,268.0,H,H,H,,,
267,267,267,267,268.0,A,N,H,268.0,ASN,A,P14900,269.0,N,N,H,,,
268,268,268,268,269.0,A,Y,H,269.0,TYR,A,P14900,270.0,Y,Y,H,,,
269,269,269,269,270.0,A,T,H,270.0,THR,A,P14900,271.0,T,T,H,,,
270,270,270,270,271.0,A,N,H,271.0,ASN,A,P14900,272.0,N,N,H,,,
271,271,271,271,272.0,A,A,H,272.0,ALA,A,P14900,273.0,A,A,H,,,
272,272,272,272,273.0,A,L,H,273.0,LEU,A,P14900,274.0,L,L,H,,,
273,273,273,273,274.0,A,A,H,274.0,ALA,A,P14900,275.0,A,A,H,,,
274,274,274,274,275.0,A,A,H,275.0,ALA,A,P14900,276.0,A,A,H,,,
275,275,275,275,276.0,A,L,H,276.0,LEU,A,P14900,277.0,L,L,H,,,
276,276,276,276,277.0,A,A,H,277.0,ALA,A,P14900,278.0,A,A,H,,,
277,277,277,277,278.0,A,L,H,278.0,LEU,A,P14900,279.0,L,L,H,,,
278,278,278,278,279.0,A,A,H,279.0,ALA,A,P14900,280.0,A,A,H,,,
279,279,279,279,280.0,A,D,H,280.0,ASP,A,P14900,281.0,D,D,H,,,
280,280,280,280,281.0,A,A,H,281.0,ALA,A,P14900,282.0,A,A,H,,,
281,281,281,281,282.0,A,A,C,282.0,ALA,A,P14900,283.0,A,A,C,,,
282,282,282,282,283.0,A,G,C,283.0,GLY,A,P14900,284.0,G,G,C,,,
283,283,283,283,284.0,A,L,C,284.0,LEU,A,P14900,285.0,L,L,C,,,
284,284,284,284,285.0,A,P,C,285.0,PRO,A,P14900,286.0,P,P,C,,,
285,285,285,285,286.0,A,R,H,286.0,ARG,A,P14900,287.0,R,R,H,,,
286,286,286,286,287.0,A,A,H,287.0,ALA,A,P14900,288.0,A,A,H,,,
287,287,287,287,288.0,A,S,H,288.0,SER,A,P14900,289.0,S,S,H,,,
288,288,288,288,289.0,A,S,H,289.0,SER,A,P14900,290.0,S,S,H,,,
289,289,289,289,290.0,A,L,H,290.0,LEU,A,P14900,291.0,L,L,H,,,
290,290,290,290,291.0,A,K,H,291.0,LYS,A,P14900,292.0,K,K,H,,,
291,291,291,291,292.0,A,A,H,292.0,ALA,A,P14900,293.0,A,A,H,,,
292,292,292,292,293.0,A,L,H,293.0,LEU,A,P14900,294.0,L,L,H,,,
293,293,293,293,294.0,A,T,H,294.0,THR,A,P14900,295.0,T,T,H,,,
294,294,294,294,295.0,A,T,H,295.0,THR,A,P14900,296.0,T,T,H,,,
295,295,295,295,296.0,A,F,C,296.0,PHE,A,P14900,297.0,F,F,C,,,
296,296,296,296,297.0,A,T,C,297.0,THR,A,P14900,298.0,T,T,C,,,
297,297,297,297,298.0,A,G,C,298.0,GLY,A,P14900,299.0,G,G,C,,,
298,298,298,298,299.0,A,L,C,299.0,LEU,A,P14900,300.0,L,L,C,,,
299,299,299,299,300.0,A,P,C,300.0,PRO,A,P14900,301.0,P,P,C,,,
300,300,300,300,301.0,A,H,C,301.0,HIS,A,P14900,302.0,H,H,C,,,
301,301,301,301,302.0,A,R,C,302.0,ARG,A,P14900,303.0,R,R,C,,,
302,302,302,302,303.0,A,F,C,303.0,PHE,A,P14900,304.0,F,F,C,,,
303,303,303,303,304.0,A,E,E,304.0,GLU,A,P14900,305.0,E,E,E,,,
304,304,304,304,305.0,A,V,E,305.0,VAL,A,P14900,306.0,V,V,E,,,
305,305,305,305,306.0,A,V,E,306.0,VAL,A,P14900,307.0,V,V,E,,,
306,306,306,306,307.0,A,L,E,307.0,LEU,A,P14900,308.0,L,L,E,,,
307,307,307,307,308.0,A,E,E,308.0,GLU,A,P14900,309.0,E,E,E,,,
308,308,308,308,309.0,A,H,E,309.0,HIS,A,P14900,310.0,H,H,E,,,
309,309,309,309,310.0,A,N,C,310.0,ASN,A,P14900,311.0,N,N,C,,,
310,310,310,310,311.0,A,G,C,311.0,GLY,A,P14900,312.0,G,G,C,,,
311,311,311,311,312.0,A,V,E,312.0,VAL,A,P14900,313.0,V,V,E,,,
312,312,312,312,313.0,A,R,E,313.0,ARG,A,P14900,314.0,R,R,E,,,
313,313,313,313,314.0,A,W,E,314.0,TRP,A,P14900,315.0,W,W,E,,,
314,314,314,314,315.0,A,I,E,315.0,ILE,A,P14900,316.0,I,I,E,,,
315,315,315,315,316.0,A,N,E,316.0,ASN,A,P14900,317.0,N,N,E,,,
316,316,316,316,317.0,A,D,C,317.0,ASP,A,P14900,318.0,D,D,C,,,
317,317,317,317,318.0,A,S,C,318.0,SER,A,P14900,319.0,S,S,C,,,
318,318,318,318,319.0,A,K,C,319.0,LYS,A,P14900,320.0,K,K,C,,,
319,319,319,319,320.0,A,A,C,320.0,ALA,A,P14900,321.0,A,A,C,,,
320,320,320,320,321.0,A,T,C,321.0,THR,A,P14900,322.0,T,T,C,,,
321,321,321,321,322.0,A,N,C,322.0,ASN,A,P14900,323.0,N,N,C,,,
322,322,322,322,323.0,A,V,H,323.0,VAL,A,P14900,324.0,V,V,H,,,
323,323,323,323,324.0,A,G,H,324.0,GLY,A,P14900,325.0,G,G,H,,,
324,324,324,324,325.0,A,S,H,325.0,SER,A,P14900,326.0,S,S,H,,,
325,325,325,325,326.0,A,T,H,326.0,THR,A,P14900,327.0,T,T,H,,,
326,326,326,326,327.0,A,E,H,327.0,GLU,A,P14900,328.0,E,E,H,,,
327,327,327,327,328.0,A,A,H,328.0,ALA,A,P14900,329.0,A,A,H,,,
328,328,328,328,329.0,A,A,H,329.0,ALA,A,P14900,330.0,A,A,H,,,
329,329,329,329,330.0,A,L,H,330.0,LEU,A,P14900,331.0,L,L,H,,,
330,330,330,330,331.0,A,N,C,331.0,ASN,A,P14900,332.0,N,N,C,,,
331,331,331,331,332.0,A,G,C,332.0,GLY,A,P14900,333.0,G,G,C,,,
332,332,332,332,333.0,A,L,C,333.0,LEU,A,P14900,334.0,L,L,C,,,
333,333,333,333,334.0,A,H,C,334.0,HIS,A,P14900,335.0,H,H,C,,,
334,334,334,334,335.0,A,V,C,335.0,VAL,A,P14900,336.0,V,V,C,,,
335,335,335,335,336.0,A,D,C,336.0,ASP,A,P14900,337.0,D,D,C,,,
336,336,336,336,337.0,A,G,C,337.0,GLY,A,P14900,338.0,G,G,C,,,
337,337,337,337,338.0,A,T,C,338.0,THR,A,P14900,339.0,T,T,C,,,
338,338,338,338,339.0,A,L,E,339.0,LEU,A,P14900,340.0,L,L,E,,,
339,339,339,339,340.0,A,H,E,340.0,HIS,A,P14900,341.0,H,H,E,,,
340,340,340,340,341.0,A,L,E,341.0,LEU,A,P14900,342.0,L,L,E,,,
341,341,341,341,342.0,A,L,E,342.0,LEU,A,P14900,343.0,L,L,E,,,
342,342,342,342,343.0,A,L,E,343.0,LEU,A,P14900,344.0,L,L,E,,,
343,343,343,343,344.0,A,G,E,344.0,GLY,A,P14900,345.0,G,G,E,,,
344,344,344,344,345.0,A,G,C,345.0,GLY,A,P14900,346.0,G,G,C,,,
345,345,345,345,346.0,A,D,C,346.0,ASP,A,P14900,347.0,D,D,C,,,
346,346,346,346,347.0,A,G,C,347.0,GLY,A,P14900,348.0,G,G,C,,,
347,347,347,347,348.0,A,K,C,348.0,LYS,A,P14900,349.0,K,K,C,,,
348,348,348,348,349.0,A,S,C,349.0,SER,A,P14900,350.0,S,S,C,,,
349,349,349,349,350.0,A,A,C,350.0,ALA,A,P14900,351.0,A,A,C,,,
350,350,350,350,351.0,A,D,C,351.0,ASP,A,P14900,352.0,D,D,C,,,
351,351,351,351,352.0,A,F,C,352.0,PHE,A,P14900,353.0,F,F,C,,,
352,352,352,352,353.0,A,S,C,353.0,SER,A,P14900,354.0,S,S,C,,,
353,353,353,353,354.0,A,P,C,354.0,PRO,A,P14900,355.0,P,P,C,,,
354,354,354,354,355.0,A,L,C,355.0,LEU,A,P14900,356.0,L,L,C,,,
355,355,355,355,356.0,A,A,C,356.0,ALA,A,P14900,357.0,A,A,C,,,
356,356,356,356,357.0,A,R,C,357.0,ARG,A,P14900,358.0,R,R,C,,,
357,357,357,357,358.0,A,Y,C,358.0,TYR,A,P14900,359.0,Y,Y,C,,,
358,358,358,358,359.0,A,L,C,359.0,LEU,A,P14900,360.0,L,L,C,,,
359,359,359,359,360.0,A,N,C,360.0,ASN,A,P14900,361.0,N,N,C,,,
360,360,360,360,361.0,A,G,C,361.0,GLY,A,P14900,362.0,G,G,C,,,
361,361,361,361,362.0,A,D,C,362.0,ASP,A,P14900,363.0,D,D,C,,,
362,362,362,362,363.0,A,N,C,363.0,ASN,A,P14900,364.0,N,N,C,,,
363,363,363,363,364.0,A,V,E,364.0,VAL,A,P14900,365.0,V,V,E,,,
364,364,364,364,365.0,A,R,E,365.0,ARG,A,P14900,366.0,R,R,E,,,
365,365,365,365,366.0,A,L,E,366.0,LEU,A,P14900,367.0,L,L,E,,,
366,366,366,366,367.0,A,Y,E,367.0,TYR,A,P14900,368.0,Y,Y,E,,,
367,367,367,367,368.0,A,C,E,368.0,CYS,A,P14900,369.0,C,C,E,,,
368,368,368,368,369.0,A,F,E,369.0,PHE,A,P14900,370.0,F,F,E,,,
369,369,369,369,370.0,A,G,C,370.0,GLY,A,P14900,371.0,G,G,C,,,
370,370,370,370,371.0,A,R,C,371.0,ARG,A,P14900,372.0,R,R,C,,,
371,371,371,371,372.0,A,D,C,372.0,ASP,A,P14900,373.0,D,D,C,,,
372,372,372,372,373.0,A,G,H,373.0,GLY,A,P14900,374.0,G,G,H,,,
373,373,373,373,374.0,A,A,H,374.0,ALA,A,P14900,375.0,A,A,H,,,
374,374,374,374,375.0,A,Q,H,375.0,GLN,A,P14900,376.0,Q,Q,H,,,
375,375,375,375,376.0,A,L,H,376.0,LEU,A,P14900,377.0,L,L,H,,,
376,376,376,376,377.0,A,A,H,377.0,ALA,A,P14900,378.0,A,A,H,,,
377,377,377,377,378.0,A,A,C,378.0,ALA,A,P14900,379.0,A,A,C,,,
378,378,378,378,379.0,A,L,C,379.0,LEU,A,P14900,380.0,L,L,C,,,
379,379,379,379,380.0,A,R,C,380.0,ARG,A,P14900,381.0,R,R,C,,,
380,380,380,380,381.0,A,P,C,381.0,PRO,A,P14900,382.0,P,P,C,,,
381,381,381,381,382.0,A,E,C,382.0,GLU,A,P14900,383.0,E,E,C,,,
382,382,382,382,383.0,A,V,C,383.0,VAL,A,P14900,384.0,V,V,C,,,
383,383,383,383,384.0,A,A,E,384.0,ALA,A,P14900,385.0,A,A,E,,,
384,384,384,384,385.0,A,E,E,385.0,GLU,A,P14900,386.0,E,E,E,,,
385,385,385,385,386.0,A,Q,E,386.0,GLN,A,P14900,387.0,Q,Q,E,,,
386,386,386,386,387.0,A,T,C,387.0,THR,A,P14900,388.0,T,T,E,,,
387,387,387,387,388.0,A,E,C,388.0,GLU,A,P14900,389.0,E,E,C,,,
388,388,388,388,389.0,A,T,C,389.0,THR,A,P14900,390.0,T,T,C,,,
389,389,389,389,390.0,A,M,H,390.0,MET,A,P14900,391.0,M,M,H,,,
390,390,390,390,391.0,A,E,H,391.0,GLU,A,P14900,392.0,E,E,H,,,
391,391,391,391,392.0,A,Q,H,392.0,GLN,A,P14900,393.0,Q,Q,H,,,
392,392,392,392,393.0,A,A,H,393.0,ALA,A,P14900,394.0,A,A,H,,,
393,393,393,393,394.0,A,M,H,394.0,MET,A,P14900,395.0,M,M,H,,,
394,394,394,394,395.0,A,R,H,395.0,ARG,A,P14900,396.0,R,R,H,,,
395,395,395,395,396.0,A,L,H,396.0,LEU,A,P14900,397.0,L,L,H,,,
396,396,396,396,397.0,A,L,H,397.0,LEU,A,P14900,398.0,L,L,H,,,
397,397,397,397,398.0,A,A,C,398.0,ALA,A,P14900,399.0,A,A,C,,,
398,398,398,398,399.0,A,P,C,399.0,PRO,A,P14900,400.0,P,P,C,,,
399,399,399,399,400.0,A,R,C,400.0,ARG,A,P14900,401.0,R,R,C,,,
400,400,400,400,401.0,A,V,C,401.0,VAL,A,P14900,402.0,V,V,C,,,
401,401,401,401,402.0,A,Q,C,402.0,GLN,A,P14900,403.0,Q,Q,C,,,
402,402,402,402,403.0,A,P,C,403.0,PRO,A,P14900,404.0,P,P,C,,,
403,403,403,403,404.0,A,G,C,404.0,GLY,A,P14900,405.0,G,G,C,,,
404,404,404,404,405.0,A,D,C,405.0,ASP,A,P14900,406.0,D,D,C,,,
405,405,405,405,406.0,A,M,E,406.0,MET,A,P14900,407.0,M,M,E,,,
406,406,406,406,407.0,A,V,E,407.0,VAL,A,P14900,408.0,V,V,E,,,
407,407,407,407,408.0,A,L,E,408.0,LEU,A,P14900,409.0,L,L,E,,,
408,408,408,408,409.0,A,L,E,409.0,LEU,A,P14900,410.0,L,L,E,,,
409,409,409,409,410.0,A,S,C,410.0,SER,A,P14900,411.0,S,S,C,,,
410,410,410,410,411.0,A,P,C,411.0,PRO,A,P14900,412.0,P,P,C,,,
411,411,411,411,412.0,A,A,C,412.0,ALA,A,P14900,413.0,A,A,C,,,
412,412,412,412,413.0,A,C,C,413.0,CYS,A,P14900,414.0,C,C,C,,,
413,413,413,413,414.0,A,A,C,414.0,ALA,A,P14900,415.0,A,A,C,,,
414,414,414,414,415.0,A,S,C,415.0,SER,A,P14900,416.0,S,S,C,,,
415,415,415,415,416.0,A,L,C,416.0,LEU,A,P14900,417.0,L,L,C,,,
416,416,416,416,417.0,A,D,C,417.0,ASP,A,P14900,418.0,D,D,C,,,
417,417,417,417,418.0,A,Q,C,418.0,GLN,A,P14900,419.0,Q,Q,C,,,
418,418,418,418,419.0,A,F,C,419.0,PHE,A,P14900,420.0,F,F,C,,,
419,419,419,419,420.0,A,K,C,420.0,LYS,A,P14900,421.0,K,K,C,,,
420,420,420,420,421.0,A,N,C,421.0,ASN,A,P14900,422.0,N,N,C,,,
421,421,421,421,422.0,A,F,H,422.0,PHE,A,P14900,423.0,F,F,H,,,
422,422,422,422,423.0,A,E,H,423.0,GLU,A,P14900,424.0,E,E,H,,,
423,423,423,423,424.0,A,Q,H,424.0,GLN,A,P14900,425.0,Q,Q,H,,,
424,424,424,424,425.0,A,R,H,425.0,ARG,A,P14900,426.0,R,R,H,,,
425,425,425,425,426.0,A,G,H,426.0,GLY,A,P14900,427.0,G,G,H,,,
426,426,426,426,427.0,A,N,H,427.0,ASN,A,P14900,428.0,N,N,H,,,
427,427,427,427,428.0,A,E,H,428.0,GLU,A,P14900,429.0,E,E,H,,,
428,428,428,428,429.0,A,F,H,429.0,PHE,A,P14900,430.0,F,F,H,,,
429,429,429,429,430.0,A,A,H,430.0,ALA,A,P14900,431.0,A,A,H,,,
430,430,430,430,431.0,A,R,H,431.0,ARG,A,P14900,432.0,R,R,H,,,
431,431,431,431,432.0,A,L,H,432.0,LEU,A,P14900,433.0,L,L,H,,,
432,432,432,432,433.0,A,A,H,433.0,ALA,A,P14900,434.0,A,A,H,,,
433,433,433,433,434.0,A,K,H,434.0,LYS,A,P14900,435.0,K,K,H,,,
434,434,434,434,435.0,A,E,H,435.0,GLU,A,P14900,436.0,E,E,H,,,
435,435,435,435,436.0,A,L,H,436.0,LEU,A,P14900,437.0,L,L,H,,,
436,436,436,436,437.0,A,G,C,437.0,GLY,A,P14900,438.0,G,,,,,
