,Unnamed: 0,index,pdbx_PDB_model_num,label_asym_id,label_seq_id,group_PDB,id,type_symbol,label_atom_id,label_alt_id,label_comp_id,label_entity_id,pdbx_PDB_ins_code,Cartn_x,Cartn_y,Cartn_z,occupancy,B_iso_or_equiv,pdbx_formal_charge,auth_seq_id,auth_comp_id,auth_asym_id,auth_atom_id,pdbx_label_index,pdbx_sifts_xref_db_name,pdbx_sifts_xref_db_acc,pdbx_sifts_xref_db_num,pdbx_sifts_xref_db_res,label_seq_id_full,auth_seq_id_full,RES,CHAIN,AA,SS,ACC,TCO,KAPPA,ALPHA,PHI,PSI,CHAIN_FULL,SS_CLASS,RSA,PDB_regionId,PDB_regionStart,PDB_regionEnd,PDB_regionResNum,PDB_dbAccessionId,PDB_dbResNum,PDB_dbResName,PDB_dbChainId,PDB_Annotation,PDB_entityId,UniProt_regionId,UniProt_regionStart,UniProt_regionEnd,UniProt_regionResNum,UniProt_dbAccessionId,UniProt_dbResNum,UniProt_dbResName,CATH_regionId,CATH_regionStart,CATH_regionEnd,CATH_regionResNum,CATH_dbAccessionId,SCOP_regionId,SCOP_regionStart,SCOP_regionEnd,SCOP_regionResNum,SCOP_dbAccessionId,SCOP2_regionId,SCOP2_regionStart,SCOP2_regionEnd,SCOP2_regionResNum,SCOP2_dbAccessionId,PDB_codeSecondaryStructure,PDB_nameSecondaryStructure,Pfam_regionId,Pfam_regionStart,Pfam_regionEnd,Pfam_regionResNum,Pfam_dbAccessionId
8,8,97,1,A,9,ATOM,68,N,N,.,VAL,1,?,5.225285714285714,16.273714285714284,2.133714285714286,1.0,11.454285714285716,?,9,VAL,A,N,9,UNP,P0A6V5,9,V,9,9,9.0,A,V,H,2.0,0.794,117.7,56.6,-67.5,-29.3,A,H,1.4080000000000001,1.0,1.0,108.0,9.0,1gmx,9.0,VAL,A,Observed,A,1.0,1.0,108.0,9.0,P0A6V5,9.0,V,1.0,1.0,108.0,9.0,3.40.250.10,1.0,1.0,108.0,9.0,65355.0,2.0,1.0,108.0,9.0,"['FA-DOMID:8023676', 'SF-DOMID:8036056']",H,helix,1,8.0,99.0,9.0,PF00581
9,9,1,1,A,10,ATOM,75,N,N,.,ALA,1,?,1.3826,16.0868,3.6116,1.0,10.886,?,10,ALA,A,N,10,UNP,P0A6V5,10,A,10,10,10.0,A,A,H,45.0,0.927,111.2,44.3,-66.3,-42.8,A,H,42.453,1.0,1.0,108.0,10.0,1gmx,10.0,ALA,A,Observed,A,1.0,1.0,108.0,10.0,P0A6V5,10.0,A,1.0,1.0,108.0,10.0,3.40.250.10,1.0,1.0,108.0,10.0,65355.0,2.0,1.0,108.0,10.0,"['FA-DOMID:8023676', 'SF-DOMID:8036056']",H,helix,1,8.0,99.0,10.0,PF00581
10,10,11,1,A,11,ATOM,80,N,N,.,ASP,1,?,1.062375,11.77425,4.482,1.0,10.295,?,11,ASP,A,N,11,UNP,P0A6V5,11,D,11,11,11.0,A,D,H,53.0,0.9470000000000001,114.5,49.3,-62.2,-48.8,A,H,32.515,1.0,1.0,108.0,11.0,1gmx,11.0,ASP,A,Observed,A,1.0,1.0,108.0,11.0,P0A6V5,11.0,D,1.0,1.0,108.0,11.0,3.40.250.10,1.0,1.0,108.0,11.0,65355.0,2.0,1.0,108.0,11.0,"['FA-DOMID:8023676', 'SF-DOMID:8036056']",H,helix,1,8.0,99.0,11.0,PF00581
11,11,12,1,A,12,ATOM,88,N,N,.,ALA,1,?,4.508,13.1584,6.414,1.0,11.068,?,12,ALA,A,N,12,UNP,P0A6V5,12,A,12,12,12.0,A,A,H,0.0,0.917,109.5,52.3,-57.6,-44.4,A,H,0.0,1.0,1.0,108.0,12.0,1gmx,12.0,ALA,A,Observed,A,1.0,1.0,108.0,12.0,P0A6V5,12.0,A,1.0,1.0,108.0,12.0,3.40.250.10,1.0,1.0,108.0,12.0,65355.0,2.0,1.0,108.0,12.0,"['FA-DOMID:8023676', 'SF-DOMID:8036056']",H,helix,1,8.0,99.0,12.0,PF00581
12,12,13,1,A,13,ATOM,93,N,N,.,HIS,1,?,3.1939,17.7017,8.5029,1.0,15.315,?,13,HIS,A,N,13,UNP,P0A6V5,13,H,13,13,13.0,A,H,H,43.0,0.897,109.2,49.6,-59.9,-41.1,A,H,23.37,1.0,1.0,108.0,13.0,1gmx,13.0,HIS,A,Observed,A,1.0,1.0,108.0,13.0,P0A6V5,13.0,H,1.0,1.0,108.0,13.0,3.40.250.10,1.0,1.0,108.0,13.0,65355.0,2.0,1.0,108.0,13.0,"['FA-DOMID:8023676', 'SF-DOMID:8036056']",H,helix,1,8.0,99.0,13.0,PF00581
13,13,14,1,A,14,ATOM,103,N,N,.,GLN,1,?,-0.9726666666666666,14.067888888888891,8.955444444444446,1.0,13.642222222222225,?,14,GLN,A,N,14,UNP,P0A6V5,14,Q,14,14,14.0,A,Q,H,109.0,0.92,110.0,50.0,-65.6,-44.3,A,H,55.051,1.0,1.0,108.0,14.0,1gmx,14.0,GLN,A,Observed,A,1.0,1.0,108.0,14.0,P0A6V5,14.0,Q,1.0,1.0,108.0,14.0,3.40.250.10,1.0,1.0,108.0,14.0,65355.0,2.0,1.0,108.0,14.0,"['FA-DOMID:8023676', 'SF-DOMID:8036056']",H,helix,1,8.0,99.0,14.0,PF00581
14,14,15,1,A,15,ATOM,112,N,N,.,LYS,1,?,2.3727777777777783,10.060444444444443,9.378888888888888,1.0,14.008888888888887,?,15,LYS,A,N,15,UNP,P0A6V5,15,K,15,15,15.0,A,K,H,32.0,0.91,112.8,48.2,-59.8,-39.0,A,H,15.61,1.0,1.0,108.0,15.0,1gmx,15.0,LYS,A,Observed,A,1.0,1.0,108.0,15.0,P0A6V5,15.0,K,1.0,1.0,108.0,15.0,3.40.250.10,1.0,1.0,108.0,15.0,65355.0,2.0,1.0,108.0,15.0,"['FA-DOMID:8023676', 'SF-DOMID:8036056']",H,helix,1,8.0,99.0,15.0,PF00581
15,15,16,1,A,16,ATOM,121,N,N,.,LEU,1,?,5.743625,14.124625,12.3185,1.0,18.90375,?,16,LEU,A,N,16,UNP,P0A6V5,16,L,16,16,16.0,A,L,H,14.0,0.937,109.5,50.9,-66.6,-47.2,A,H,8.537,1.0,1.0,108.0,16.0,1gmx,16.0,LEU,A,Observed,A,1.0,1.0,108.0,16.0,P0A6V5,16.0,L,1.0,1.0,108.0,16.0,3.40.250.10,1.0,1.0,108.0,16.0,65355.0,2.0,1.0,108.0,16.0,"['FA-DOMID:8023676', 'SF-DOMID:8036056']",H,helix,1,8.0,99.0,16.0,PF00581
16,16,17,1,A,17,ATOM,129,N,N,.,GLN,1,?,0.975,16.384333333333334,14.32511111111111,1.0,28.132222222222218,?,17,GLN,A,N,17,UNP,P0A6V5,17,Q,17,17,17.0,A,Q,H,137.0,0.8640000000000001,110.5,50.4,-60.3,-36.0,A,H,69.192,1.0,1.0,108.0,17.0,1gmx,17.0,GLN,A,Observed,A,1.0,1.0,108.0,17.0,P0A6V5,17.0,Q,1.0,1.0,108.0,17.0,3.40.250.10,1.0,1.0,108.0,17.0,65355.0,2.0,1.0,108.0,17.0,"['FA-DOMID:8023676', 'SF-DOMID:8036056']",H,helix,1,8.0,99.0,17.0,PF00581
17,17,18,1,A,18,ATOM,138,N,N,.,GLU,1,?,-0.631,12.20122222222222,14.114777777777777,1.0,19.917777777777776,?,18,GLU,A,N,18,UNP,P0A6V5,18,E,18,18,18.0,A,E,T,92.0,0.445,111.3,-122.1,-79.3,-1.9,A,C,47.423,1.0,1.0,108.0,18.0,1gmx,18.0,GLU,A,Observed,A,1.0,1.0,108.0,18.0,P0A6V5,18.0,E,1.0,1.0,108.0,18.0,3.40.250.10,1.0,1.0,108.0,18.0,65355.0,2.0,1.0,108.0,18.0,"['FA-DOMID:8023676', 'SF-DOMID:8036056']",H,helix,1,8.0,99.0,18.0,PF00581
18,18,19,1,A,19,ATOM,147,N,N,.,LYS,1,?,3.460777777777777,12.126444444444445,18.228222222222218,1.0,22.4,?,19,LYS,A,N,19,UNP,P0A6V5,19,K,19,19,19.0,A,K,T,194.0,0.785,76.0,126.4,62.1,35.0,A,C,94.634,1.0,1.0,108.0,19.0,1gmx,19.0,LYS,A,Observed,A,1.0,1.0,108.0,19.0,P0A6V5,19.0,K,1.0,1.0,108.0,19.0,3.40.250.10,1.0,1.0,108.0,19.0,65355.0,2.0,1.0,108.0,19.0,"['FA-DOMID:8023676', 'SF-DOMID:8036056']",T,loop,1,8.0,99.0,19.0,PF00581
21,21,23,1,A,22,ATOM,170,N,N,.,VAL,1,?,10.255142857142856,8.656857142857143,12.814714285714285,1.0,11.82,?,22,VAL,A,N,22,UNP,P0A6V5,22,V,22,22,22.0,A,V,E,46.0,-0.711,24.0,-134.7,-102.3,154.4,A,E,32.394,1.0,1.0,108.0,22.0,1gmx,22.0,VAL,A,Observed,A,1.0,1.0,108.0,22.0,P0A6V5,22.0,V,1.0,1.0,108.0,22.0,3.40.250.10,1.0,1.0,108.0,22.0,65355.0,2.0,1.0,108.0,22.0,"['FA-DOMID:8023676', 'SF-DOMID:8036056']",E,strand,1,8.0,99.0,22.0,PF00581
22,22,24,1,A,23,ATOM,177,N,N,.,LEU,1,?,11.862875,12.32525,9.77175,1.0,11.4,?,23,LEU,A,N,23,UNP,P0A6V5,23,L,23,23,23.0,A,L,E,4.0,-0.96,18.8,-173.5,-113.9,128.3,A,E,2.439,1.0,1.0,108.0,23.0,1gmx,23.0,LEU,A,Observed,A,1.0,1.0,108.0,23.0,P0A6V5,23.0,L,1.0,1.0,108.0,23.0,3.40.250.10,1.0,1.0,108.0,23.0,65355.0,2.0,1.0,108.0,23.0,"['FA-DOMID:8023676', 'SF-DOMID:8036056']",E,strand,1,8.0,99.0,23.0,PF00581
23,23,25,1,A,24,ATOM,185,N,N,.,VAL,1,?,15.070571428571427,9.943,8.564428571428572,1.0,10.514285714285714,?,24,VAL,A,N,24,UNP,P0A6V5,24,V,24,24,24.0,A,V,E,0.0,-0.9279999999999999,10.6,-154.4,-120.5,146.6,A,E,0.0,1.0,1.0,108.0,24.0,1gmx,24.0,VAL,A,Observed,A,1.0,1.0,108.0,24.0,P0A6V5,24.0,V,1.0,1.0,108.0,24.0,3.40.250.10,1.0,1.0,108.0,24.0,65355.0,2.0,1.0,108.0,24.0,"['FA-DOMID:8023676', 'SF-DOMID:8036056']",E,strand,1,8.0,99.0,24.0,PF00581
24,24,26,1,A,25,ATOM,192,N,N,.,ASP,1,?,17.776374999999994,13.62525,6.378125,1.0,9.7825,?,25,ASP,A,N,25,UNP,P0A6V5,25,D,25,25,25.0,A,D,E,0.0,-0.991,6.9,-173.1,-123.6,119.8,A,E,0.0,1.0,1.0,108.0,25.0,1gmx,25.0,ASP,A,Observed,A,1.0,1.0,108.0,25.0,P0A6V5,25.0,D,1.0,1.0,108.0,25.0,3.40.250.10,1.0,1.0,108.0,25.0,65355.0,2.0,1.0,108.0,25.0,"['FA-DOMID:8023676', 'SF-DOMID:8036056']",E,strand,1,8.0,99.0,25.0,PF00581
26,26,28,1,A,27,ATOM,208,N,N,.,ARG,1,?,20.03481818181818,15.878181818181815,3.1124545454545456,1.0,10.631818181818184,?,27,ARG,A,N,27,UNP,P0A6V5,27,R,27,27,27.0,A,R,S,13.0,-0.255,76.6,-79.2,-71.2,166.2,A,C,5.242000000000001,1.0,1.0,108.0,27.0,1gmx,27.0,ARG,A,Observed,A,1.0,1.0,108.0,27.0,P0A6V5,27.0,R,1.0,1.0,108.0,27.0,3.40.250.10,1.0,1.0,108.0,27.0,65355.0,2.0,1.0,108.0,27.0,"['FA-DOMID:8023676', 'SF-DOMID:8036056']",T,loop,1,8.0,99.0,27.0,PF00581
28,28,30,1,A,29,ATOM,227,N,N,.,PRO,1,?,26.34471428571429,16.834714285714284,6.433142857142856,1.0,15.49,?,29,PRO,A,N,29,UNP,P0A6V5,29,P,29,29,29.0,A,P,H,84.0,0.8220000000000001,115.5,54.5,-65.0,-31.9,A,H,61.765,1.0,1.0,108.0,29.0,1gmx,29.0,PRO,A,Observed,A,1.0,1.0,108.0,29.0,P0A6V5,29.0,P,1.0,1.0,108.0,29.0,3.40.250.10,1.0,1.0,108.0,29.0,65355.0,2.0,1.0,108.0,29.0,"['FA-DOMID:8023676', 'SF-DOMID:8036056']",H,helix,1,8.0,99.0,29.0,PF00581
29,29,32,1,A,30,ATOM,234,N,N,.,GLN,1,?,27.635,20.43622222222222,3.9727777777777784,1.0,16.064444444444447,?,30,GLN,A,N,30,UNP,P0A6V5,30,Q,30,30,30.0,A,Q,H,159.0,0.948,111.4,43.7,-66.9,-46.1,A,H,80.303,1.0,1.0,108.0,30.0,1gmx,30.0,GLN,A,Observed,A,1.0,1.0,108.0,30.0,P0A6V5,30.0,Q,1.0,1.0,108.0,30.0,3.40.250.10,1.0,1.0,108.0,30.0,65355.0,2.0,1.0,108.0,30.0,"['FA-DOMID:8023676', 'SF-DOMID:8036056']",H,helix,1,8.0,99.0,30.0,PF00581
30,30,33,1,A,31,ATOM,243,N,N,.,SER,1,?,22.76416666666667,19.881166666666672,3.0573333333333337,1.0,13.06,?,31,SER,A,N,31,UNP,P0A6V5,31,S,31,31,31.0,A,S,H,36.0,0.9179999999999999,112.9,54.0,-63.5,-40.8,A,H,27.691999999999997,1.0,1.0,108.0,31.0,1gmx,31.0,SER,A,Observed,A,1.0,1.0,108.0,31.0,P0A6V5,31.0,S,1.0,1.0,108.0,31.0,3.40.250.10,1.0,1.0,108.0,31.0,65355.0,2.0,1.0,108.0,31.0,"['FA-DOMID:8023676', 'SF-DOMID:8036056']",H,helix,1,8.0,99.0,31.0,PF00581
31,31,34,1,A,32,ATOM,249,N,N,.,PHE,1,?,20.701636363636364,18.168181818181818,8.241636363636363,1.0,11.93909090909091,?,32,PHE,A,N,32,UNP,P0A6V5,32,F,32,32,32.0,A,F,H,7.0,0.943,109.6,46.9,-57.9,-45.6,A,H,3.553,1.0,1.0,108.0,32.0,1gmx,32.0,PHE,A,Observed,A,1.0,1.0,108.0,32.0,P0A6V5,32.0,F,1.0,1.0,108.0,32.0,3.40.250.10,1.0,1.0,108.0,32.0,65355.0,2.0,1.0,108.0,32.0,"['FA-DOMID:8023676', 'SF-DOMID:8036056']",H,helix,1,8.0,99.0,32.0,PF00581
32,32,35,1,A,33,ATOM,260,N,N,.,ALA,1,?,22.7734,22.3748,8.0394,1.0,11.638,?,33,ALA,A,N,33,UNP,P0A6V5,33,A,33,33,33.0,A,A,H,38.0,0.82,103.2,63.2,-69.1,-30.2,A,H,35.849000000000004,1.0,1.0,108.0,33.0,1gmx,33.0,ALA,A,Observed,A,1.0,1.0,108.0,33.0,P0A6V5,33.0,A,1.0,1.0,108.0,33.0,3.40.250.10,1.0,1.0,108.0,33.0,65355.0,2.0,1.0,108.0,33.0,"['FA-DOMID:8023676', 'SF-DOMID:8036056']",H,helix,1,8.0,99.0,33.0,PF00581
33,33,36,1,A,34,ATOM,265,N,N,.,MET,1,?,22.097125,24.944625,4.696375,1.0,14.735,?,34,MET,A,N,34,UNP,P0A6V5,34,M,34,34,34.0,A,M,H,148.0,0.675,130.7,-37.4,-66.8,-17.6,A,H,78.723,1.0,1.0,108.0,34.0,1gmx,34.0,MET,A,Observed,A,1.0,1.0,108.0,34.0,P0A6V5,34.0,M,1.0,1.0,108.0,34.0,3.40.250.10,1.0,1.0,108.0,34.0,65355.0,2.0,1.0,108.0,34.0,"['FA-DOMID:8023676', 'SF-DOMID:8036056']",H,helix,1,8.0,99.0,34.0,PF00581
35,35,38,1,A,36,ATOM,277,N,N,.,HIS,1,?,16.834,20.2844,9.1114,1.0,11.780999999999999,?,36,HIS,A,N,36,UNP,P0A6V5,36,H,36,36,36.0,A,H,E,10.0,-0.9440000000000001,43.5,-79.7,-144.5,163.3,A,E,5.435,1.0,1.0,108.0,36.0,1gmx,36.0,HIS,A,Observed,A,1.0,1.0,108.0,36.0,P0A6V5,36.0,H,1.0,1.0,108.0,36.0,3.40.250.10,1.0,1.0,108.0,36.0,65355.0,2.0,1.0,108.0,36.0,"['FA-DOMID:8023676', 'SF-DOMID:8036056']",E,strand,1,8.0,99.0,36.0,PF00581
36,36,39,1,A,37,ATOM,287,N,N,.,ALA,1,?,13.05,19.0218,8.892199999999997,1.0,13.332,?,37,ALA,A,N,37,UNP,P0A6V5,37,A,37,37,37.0,A,A,E,0.0,-0.39,56.9,-95.3,-63.7,142.6,A,E,0.0,1.0,1.0,108.0,37.0,1gmx,37.0,ALA,A,Observed,A,1.0,1.0,108.0,37.0,P0A6V5,37.0,A,1.0,1.0,108.0,37.0,3.40.250.10,1.0,1.0,108.0,37.0,65355.0,2.0,1.0,108.0,37.0,"['FA-DOMID:8023676', 'SF-DOMID:8036056']",E,strand,1,8.0,99.0,37.0,PF00581
37,37,40,1,A,38,ATOM,292,N,N,A,VAL,1,?,11.7338,19.8163,12.2905,0.7,18.938,?,38,VAL,A,N,38,UNP,P0A6V5,38,V,38,38,38.0,A,V,T,54.0,-0.26899999999999996,111.4,17.0,-52.6,138.0,A,C,38.028,1.0,1.0,108.0,38.0,1gmx,38.0,VAL,A,Observed,A,1.0,1.0,108.0,38.0,P0A6V5,38.0,V,1.0,1.0,108.0,38.0,3.40.250.10,1.0,1.0,108.0,38.0,65355.0,2.0,1.0,108.0,38.0,"['FA-DOMID:8023676', 'SF-DOMID:8036056']",T,loop,1,8.0,99.0,38.0,PF00581
38,38,41,1,A,39,ATOM,302,N,N,A,GLN,1,?,11.278666666666664,16.664944444444444,14.729333333333333,0.5,20.09222222222222,?,39,GLN,A,N,39,UNP,P0A6V5,39,Q,39,39,39.0,A,Q,T,141.0,0.418,88.3,145.0,73.7,2.0,A,C,71.212,1.0,1.0,108.0,39.0,1gmx,39.0,GLN,A,Observed,A,1.0,1.0,108.0,39.0,P0A6V5,39.0,Q,1.0,1.0,108.0,39.0,3.40.250.10,1.0,1.0,108.0,39.0,65355.0,2.0,1.0,108.0,39.0,"['FA-DOMID:8023676', 'SF-DOMID:8036056']",T,loop,1,8.0,99.0,39.0,PF00581
40,40,44,1,A,41,ATOM,325,N,N,.,PHE,1,?,18.305818181818182,11.117272727272727,13.094727272727273,1.0,15.68,?,41,PHE,A,N,41,UNP,P0A6V5,41,F,41,41,41.0,A,F,E,79.0,-0.847,19.4,-122.7,-93.3,131.4,A,E,40.102,1.0,1.0,108.0,41.0,1gmx,41.0,PHE,A,Observed,A,1.0,1.0,108.0,41.0,P0A6V5,41.0,F,1.0,1.0,108.0,41.0,3.40.250.10,1.0,1.0,108.0,41.0,65355.0,2.0,1.0,108.0,41.0,"['FA-DOMID:8023676', 'SF-DOMID:8036056']",E,strand,1,8.0,99.0,41.0,PF00581
41,41,45,1,A,42,ATOM,336,N,N,.,HIS,1,?,21.9438,13.0927,9.6938,1.0,15.843,?,42,HIS,A,N,42,UNP,P0A6V5,42,H,42,42,42.0,A,H,E,38.0,-0.6559999999999999,33.0,-164.9,-79.9,108.3,A,E,20.651999999999997,1.0,1.0,108.0,42.0,1gmx,42.0,HIS,A,Observed,A,1.0,1.0,108.0,42.0,P0A6V5,42.0,H,1.0,1.0,108.0,42.0,3.40.250.10,1.0,1.0,108.0,42.0,65355.0,2.0,1.0,108.0,42.0,"['FA-DOMID:8023676', 'SF-DOMID:8036056']",E,strand,1,8.0,99.0,42.0,PF00581
44,44,48,1,A,45,ATOM,361,N,N,.,ASN,1,?,26.717875,3.894625,7.978,1.0,31.83125,?,45,ASN,A,N,45,UNP,P0A6V5,45,N,45,45,45.0,A,N,H,135.0,0.878,128.2,50.0,-59.4,-32.6,A,H,85.98700000000001,1.0,1.0,108.0,45.0,1gmx,45.0,ASN,A,Observed,A,1.0,1.0,108.0,45.0,P0A6V5,45.0,N,1.0,1.0,108.0,45.0,3.40.250.10,1.0,1.0,108.0,45.0,65355.0,2.0,1.0,108.0,45.0,"['FA-DOMID:8023676', 'SF-DOMID:8036056']",H,helix,1,8.0,99.0,45.0,PF00581
45,45,49,1,A,46,ATOM,369,N,N,.,ASP,1,?,28.5185,6.438,11.05225,1.0,21.2975,?,46,ASP,A,N,46,UNP,P0A6V5,46,D,46,46,46.0,A,D,H,150.0,0.856,113.4,42.5,-70.8,-37.6,A,H,92.025,1.0,1.0,108.0,46.0,1gmx,46.0,ASP,A,Observed,A,1.0,1.0,108.0,46.0,P0A6V5,46.0,D,1.0,1.0,108.0,46.0,3.40.250.10,1.0,1.0,108.0,46.0,65355.0,2.0,1.0,108.0,46.0,"['FA-DOMID:8023676', 'SF-DOMID:8036056']",H,helix,1,8.0,99.0,46.0,PF00581
46,46,50,1,A,47,ATOM,377,N,N,.,THR,1,?,24.04042857142857,7.511142857142858,12.717857142857142,1.0,13.047142857142855,?,47,THR,A,N,47,UNP,P0A6V5,47,T,47,47,47.0,A,T,H,43.0,0.514,94.4,87.1,-86.2,-4.4,A,H,30.281999999999996,1.0,1.0,108.0,47.0,1gmx,47.0,THR,A,Observed,A,1.0,1.0,108.0,47.0,P0A6V5,47.0,T,1.0,1.0,108.0,47.0,3.40.250.10,1.0,1.0,108.0,47.0,65355.0,2.0,1.0,108.0,47.0,"['FA-DOMID:8023676', 'SF-DOMID:8036056']",H,helix,1,8.0,99.0,47.0,PF00581
47,47,51,1,A,48,ATOM,384,N,N,.,LEU,1,?,22.334,2.8655,11.4005,1.0,18.175,?,48,LEU,A,N,48,UNP,P0A6V5,48,L,48,48,48.0,A,L,H,16.0,0.88,81.9,56.1,-62.3,-39.0,A,H,9.756,1.0,1.0,108.0,48.0,1gmx,48.0,LEU,A,Observed,A,1.0,1.0,108.0,48.0,P0A6V5,48.0,L,1.0,1.0,108.0,48.0,3.40.250.10,1.0,1.0,108.0,48.0,65355.0,2.0,1.0,108.0,48.0,"['FA-DOMID:8023676', 'SF-DOMID:8036056']",H,helix,1,8.0,99.0,48.0,PF00581
48,48,52,1,A,49,ATOM,392,N,N,.,GLY,1,?,23.314,2.23475,15.2355,1.0,17.830000000000005,?,49,GLY,A,N,49,UNP,P0A6V5,49,G,49,49,49.0,A,G,H,32.0,0.9520000000000001,112.0,42.5,-62.1,-46.4,A,H,38.095,1.0,1.0,108.0,49.0,1gmx,49.0,GLY,A,Observed,A,1.0,1.0,108.0,49.0,P0A6V5,49.0,G,1.0,1.0,108.0,49.0,3.40.250.10,1.0,1.0,108.0,49.0,65355.0,2.0,1.0,108.0,49.0,"['FA-DOMID:8023676', 'SF-DOMID:8036056']",H,helix,1,8.0,99.0,49.0,PF00581
49,49,54,1,A,50,ATOM,396,N,N,.,ALA,1,?,22.0772,4.5488,17.142599999999998,1.0,15.82,?,50,ALA,A,N,50,UNP,P0A6V5,50,A,50,50,50.0,A,A,H,32.0,0.919,112.0,55.1,-61.0,-44.2,A,H,30.189,1.0,1.0,108.0,50.0,1gmx,50.0,ALA,A,Observed,A,1.0,1.0,108.0,50.0,P0A6V5,50.0,A,1.0,1.0,108.0,50.0,3.40.250.10,1.0,1.0,108.0,50.0,65355.0,2.0,1.0,108.0,50.0,"['FA-DOMID:8023676', 'SF-DOMID:8036056']",H,helix,1,8.0,99.0,50.0,PF00581
50,50,55,1,A,51,ATOM,401,N,N,.,PHE,1,?,17.68618181818182,4.8851818181818185,14.023545454545454,1.0,13.74909090909091,?,51,PHE,A,N,51,UNP,P0A6V5,51,F,51,51,51.0,A,F,H,4.0,0.9059999999999999,108.2,48.3,-55.7,-46.2,A,H,2.03,1.0,1.0,108.0,51.0,1gmx,51.0,PHE,A,Observed,A,1.0,1.0,108.0,51.0,P0A6V5,51.0,F,1.0,1.0,108.0,51.0,3.40.250.10,1.0,1.0,108.0,51.0,65355.0,2.0,1.0,108.0,51.0,"['FA-DOMID:8023676', 'SF-DOMID:8036056']",H,helix,1,8.0,99.0,51.0,PF00581
51,51,56,1,A,52,ATOM,412,N,N,.,MET,1,?,19.063375,0.10275,14.72425,1.0,20.96,?,52,MET,A,N,52,UNP,P0A6V5,52,M,52,52,52.0,A,M,H,56.0,0.875,111.2,49.9,-66.2,-37.4,A,H,29.787,1.0,1.0,108.0,52.0,1gmx,52.0,MET,A,Observed,A,1.0,1.0,108.0,52.0,P0A6V5,52.0,M,1.0,1.0,108.0,52.0,3.40.250.10,1.0,1.0,108.0,52.0,65355.0,2.0,1.0,108.0,52.0,"['FA-DOMID:8023676', 'SF-DOMID:8036056']",H,helix,1,8.0,99.0,52.0,PF00581
52,52,57,1,A,53,ATOM,420,N,N,.,ARG,1,?,21.650909090909085,1.2824545454545453,19.558818181818182,1.0,20.53636363636364,?,53,ARG,A,N,53,UNP,P0A6V5,53,R,53,53,53.0,A,R,H,181.0,0.82,117.5,41.9,-66.7,-30.7,A,H,72.984,1.0,1.0,108.0,53.0,1gmx,53.0,ARG,A,Observed,A,1.0,1.0,108.0,53.0,P0A6V5,53.0,R,1.0,1.0,108.0,53.0,3.40.250.10,1.0,1.0,108.0,53.0,65355.0,2.0,1.0,108.0,53.0,"['FA-DOMID:8023676', 'SF-DOMID:8036056']",H,helix,1,8.0,99.0,53.0,PF00581
53,53,58,1,A,54,ATOM,431,N,N,.,ASP,1,?,17.72925,4.443625,19.771875,1.0,22.14125,?,54,ASP,A,N,54,UNP,P0A6V5,54,D,54,54,54.0,A,D,H,112.0,0.561,113.8,49.5,-96.7,-11.6,A,H,68.712,1.0,1.0,108.0,54.0,1gmx,54.0,ASP,A,Observed,A,1.0,1.0,108.0,54.0,P0A6V5,54.0,D,1.0,1.0,108.0,54.0,3.40.250.10,1.0,1.0,108.0,54.0,65355.0,2.0,1.0,108.0,54.0,"['FA-DOMID:8023676', 'SF-DOMID:8036056']",H,helix,1,8.0,99.0,54.0,PF00581
54,54,59,1,A,55,ATOM,439,N,N,.,ASN,1,?,14.4635,3.5885,16.75925,1.0,15.3375,?,55,ASN,A,N,55,UNP,P0A6V5,55,N,55,55,55.0,A,N,S,32.0,-0.927,78.7,-137.7,-135.5,109.5,A,C,20.382,1.0,1.0,108.0,55.0,1gmx,55.0,ASN,A,Observed,A,1.0,1.0,108.0,55.0,P0A6V5,55.0,N,1.0,1.0,108.0,55.0,3.40.250.10,1.0,1.0,108.0,55.0,65355.0,2.0,1.0,108.0,55.0,"['FA-DOMID:8023676', 'SF-DOMID:8036056']",H,helix,1,8.0,99.0,55.0,PF00581
56,56,61,1,A,57,ATOM,455,N,N,.,PHE,1,?,13.315,-3.4511818181818184,13.960999999999999,1.0,13.313636363636364,?,57,PHE,A,N,57,UNP,P0A6V5,57,F,57,57,57.0,A,F,T,88.0,0.644,118.9,61.6,-62.8,-16.5,A,C,44.67,1.0,1.0,108.0,57.0,1gmx,57.0,PHE,A,Observed,A,1.0,1.0,108.0,57.0,P0A6V5,57.0,F,1.0,1.0,108.0,57.0,3.40.250.10,1.0,1.0,108.0,57.0,65355.0,2.0,1.0,108.0,57.0,"['FA-DOMID:8023676', 'SF-DOMID:8036056']",T,loop,1,8.0,99.0,57.0,PF00581
57,57,62,1,A,58,ATOM,466,N,N,.,ASP,1,?,7.777875,-1.359625,15.921,1.0,15.18125,?,58,ASP,A,N,58,UNP,P0A6V5,58,D,58,58,58.0,A,D,T,123.0,0.298,78.2,109.8,-89.7,5.3,A,C,75.46,1.0,1.0,108.0,58.0,1gmx,58.0,ASP,A,Observed,A,1.0,1.0,108.0,58.0,P0A6V5,58.0,D,1.0,1.0,108.0,58.0,3.40.250.10,1.0,1.0,108.0,58.0,65355.0,2.0,1.0,108.0,58.0,"['FA-DOMID:8023676', 'SF-DOMID:8036056']",T,loop,1,8.0,99.0,58.0,PF00581
58,58,63,1,A,59,ATOM,474,N,N,.,THR,1,?,9.396,2.492714285714285,14.432714285714285,1.0,12.671428571428573,?,59,THR,A,N,59,UNP,P0A6V5,59,T,59,59,59.0,A,T,S,27.0,-0.73,75.3,-122.7,-80.3,124.0,A,C,19.014,1.0,1.0,108.0,59.0,1gmx,59.0,THR,A,Observed,A,1.0,1.0,108.0,59.0,P0A6V5,59.0,T,1.0,1.0,108.0,59.0,3.40.250.10,1.0,1.0,108.0,59.0,65355.0,2.0,1.0,108.0,59.0,"['FA-DOMID:8023676', 'SF-DOMID:8036056']",T,loop,1,8.0,99.0,59.0,PF00581
60,60,66,1,A,61,ATOM,488,N,N,.,VAL,1,?,10.746285714285717,5.132714285714286,9.277714285714287,1.0,9.93,?,61,VAL,A,N,61,UNP,P0A6V5,61,V,61,61,61.0,A,V,E,0.0,-0.97,11.4,-161.7,-123.4,127.0,A,E,0.0,1.0,1.0,108.0,61.0,1gmx,61.0,VAL,A,Observed,A,1.0,1.0,108.0,61.0,P0A6V5,61.0,V,1.0,1.0,108.0,61.0,3.40.250.10,1.0,1.0,108.0,61.0,65355.0,2.0,1.0,108.0,61.0,"['FA-DOMID:8023676', 'SF-DOMID:8036056']",E,strand,1,8.0,99.0,61.0,PF00581
61,61,67,1,A,62,ATOM,495,N,N,.,MET,1,?,9.203625,9.126125,7.55325,1.0,9.6125,?,62,MET,A,N,62,UNP,P0A6V5,62,M,62,62,62.0,A,M,E,1.0,-0.943,13.3,-150.6,-109.5,129.7,A,E,0.532,1.0,1.0,108.0,62.0,1gmx,62.0,MET,A,Observed,A,1.0,1.0,108.0,62.0,P0A6V5,62.0,M,1.0,1.0,108.0,62.0,3.40.250.10,1.0,1.0,108.0,62.0,65355.0,2.0,1.0,108.0,62.0,"['FA-DOMID:8023676', 'SF-DOMID:8036056']",E,strand,1,8.0,99.0,62.0,PF00581
62,62,68,1,A,63,ATOM,503,N,N,.,VAL,1,?,13.230285714285715,8.326571428571429,4.227428571428572,1.0,9.1,?,63,VAL,A,N,63,UNP,P0A6V5,63,V,63,63,63.0,A,V,E,0.0,-0.8759999999999999,12.1,-172.8,-108.7,124.3,A,E,0.0,1.0,1.0,108.0,63.0,1gmx,63.0,VAL,A,Observed,A,1.0,1.0,108.0,63.0,P0A6V5,63.0,V,1.0,1.0,108.0,63.0,3.40.250.10,1.0,1.0,108.0,63.0,65355.0,2.0,1.0,108.0,63.0,"['FA-DOMID:8023676', 'SF-DOMID:8036056']",E,strand,1,8.0,99.0,63.0,PF00581
63,63,69,1,A,64,ATOM,510,N,N,.,MET,1,?,13.7315,13.389125,3.607875,1.0,9.43625,?,64,MET,A,N,64,UNP,P0A6V5,64,M,64,64,64.0,A,M,E,0.0,-0.94,11.6,159.7,-116.0,138.0,A,E,0.0,1.0,1.0,108.0,64.0,1gmx,64.0,MET,A,Observed,A,1.0,1.0,108.0,64.0,P0A6V5,64.0,M,1.0,1.0,108.0,64.0,3.40.250.10,1.0,1.0,108.0,64.0,65355.0,2.0,1.0,108.0,64.0,"['FA-DOMID:8023676', 'SF-DOMID:8036056']",E,strand,1,8.0,99.0,64.0,PF00581
65,65,71,1,A,66,ATOM,526,N,N,.,TYR,1,?,19.564166666666665,15.376916666666665,-1.6522500000000002,1.0,12.5825,?,66,TYR,A,N,66,UNP,P0A6V5,66,Y,66,66,66.0,A,Y,S,81.0,0.919,120.5,-11.6,-63.3,-46.4,A,C,36.486,1.0,1.0,108.0,66.0,1gmx,66.0,TYR,A,Observed,A,1.0,1.0,108.0,66.0,P0A6V5,66.0,Y,1.0,1.0,108.0,66.0,3.40.250.10,1.0,1.0,108.0,66.0,65355.0,2.0,1.0,108.0,66.0,"['FA-DOMID:8023676', 'SF-DOMID:8036056']",T,loop,1,8.0,99.0,66.0,PF00581
66,66,72,1,A,67,ATOM,538,N,N,.,HIS,1,?,15.3039,15.8,-5.2048000000000005,1.0,15.168,?,67,HIS,A,N,67,UNP,P0A6V5,67,H,67,67,67.0,A,H,S,104.0,0.364,103.9,-83.1,-142.3,-2.4,A,C,56.522,1.0,1.0,108.0,67.0,1gmx,67.0,HIS,A,Observed,A,1.0,1.0,108.0,67.0,P0A6V5,67.0,H,1.0,1.0,108.0,67.0,3.40.250.10,1.0,1.0,108.0,67.0,65355.0,2.0,1.0,108.0,67.0,"['FA-DOMID:8023676', 'SF-DOMID:8036056']",T,loop,1,8.0,99.0,67.0,PF00581
67,67,73,1,A,68,ATOM,548,N,N,.,GLY,1,?,13.13925,10.978,-3.73825,1.0,12.5175,?,68,GLY,A,N,68,UNP,P0A6V5,68,G,68,68,68.0,A,G,S,3.0,0.531,103.1,97.4,100.7,8.9,A,C,3.571,1.0,1.0,108.0,68.0,1gmx,68.0,GLY,A,Observed,A,1.0,1.0,108.0,68.0,P0A6V5,68.0,G,1.0,1.0,108.0,68.0,3.40.250.10,1.0,1.0,108.0,68.0,65355.0,2.0,1.0,108.0,68.0,"['FA-DOMID:8023676', 'SF-DOMID:8036056']",T,loop,1,8.0,99.0,68.0,PF00581
68,68,74,1,A,69,ATOM,552,N,N,.,ASN,1,?,15.4235,9.727625,-5.882999999999999,1.0,14.9675,?,69,ASN,A,N,69,UNP,P0A6V5,69,N,69,69,69.0,A,N,S,105.0,0.922,81.8,36.5,-97.0,-60.7,A,C,66.87899999999999,1.0,1.0,108.0,69.0,1gmx,69.0,ASN,A,Observed,A,1.0,1.0,108.0,69.0,P0A6V5,69.0,N,1.0,1.0,108.0,69.0,3.40.250.10,1.0,1.0,108.0,69.0,65355.0,2.0,1.0,108.0,69.0,"['FA-DOMID:8023676', 'SF-DOMID:8036056']",H,helix,1,8.0,99.0,69.0,PF00581
69,69,76,1,A,70,ATOM,560,N,N,.,SER,1,?,18.025166666666667,8.096833333333334,-2.245,1.0,11.53,?,70,SER,A,N,70,UNP,P0A6V5,70,S,70,70,70.0,A,S,H,57.0,0.737,104.2,73.0,-69.7,-20.9,A,H,43.846000000000004,1.0,1.0,108.0,70.0,1gmx,70.0,SER,A,Observed,A,1.0,1.0,108.0,70.0,P0A6V5,70.0,S,1.0,1.0,108.0,70.0,3.40.250.10,1.0,1.0,108.0,70.0,65355.0,2.0,1.0,108.0,70.0,"['FA-DOMID:8023676', 'SF-DOMID:8036056']",H,helix,1,8.0,99.0,70.0,PF00581
70,70,77,1,A,71,ATOM,566,N,N,.,SER,1,?,14.7495,7.5166666666666675,-0.2488333333333333,1.0,10.463333333333333,?,71,SER,A,N,71,UNP,P0A6V5,71,S,71,71,71.0,A,S,H,0.0,0.723,89.8,61.5,-62.9,-24.6,A,H,0.0,1.0,1.0,108.0,71.0,1gmx,71.0,SER,A,Observed,A,1.0,1.0,108.0,71.0,P0A6V5,71.0,S,1.0,1.0,108.0,71.0,3.40.250.10,1.0,1.0,108.0,71.0,65355.0,2.0,1.0,108.0,71.0,"['FA-DOMID:8023676', 'SF-DOMID:8036056']",H,helix,1,8.0,99.0,71.0,PF00581
71,71,78,1,A,72,ATOM,572,N,N,.,LYS,1,?,13.086222222222224,5.063,-3.5543333333333336,1.0,15.77,?,72,LYS,A,N,72,UNP,P0A6V5,72,K,72,72,72.0,A,K,H,91.0,0.956,108.0,40.5,-65.6,-51.2,A,H,44.39,1.0,1.0,108.0,72.0,1gmx,72.0,LYS,A,Observed,A,1.0,1.0,108.0,72.0,P0A6V5,72.0,K,1.0,1.0,108.0,72.0,3.40.250.10,1.0,1.0,108.0,72.0,65355.0,2.0,1.0,108.0,72.0,"['FA-DOMID:8023676', 'SF-DOMID:8036056']",H,helix,1,8.0,99.0,72.0,PF00581
72,72,79,1,A,73,ATOM,581,N,N,.,GLY,1,?,17.025000000000002,2.50475,-0.97975,1.0,12.2075,?,73,GLY,A,N,73,UNP,P0A6V5,73,G,73,73,73.0,A,G,H,51.0,0.898,116.4,50.6,-64.5,-37.4,A,H,60.714,1.0,1.0,108.0,73.0,1gmx,73.0,GLY,A,Observed,A,1.0,1.0,108.0,73.0,P0A6V5,73.0,G,1.0,1.0,108.0,73.0,3.40.250.10,1.0,1.0,108.0,73.0,65355.0,2.0,1.0,108.0,73.0,"['FA-DOMID:8023676', 'SF-DOMID:8036056']",H,helix,1,8.0,99.0,73.0,PF00581
73,73,80,1,A,74,ATOM,585,N,N,.,ALA,1,?,17.2178,3.5448,2.1058,1.0,10.834000000000001,?,74,ALA,A,N,74,UNP,P0A6V5,74,A,74,74,74.0,A,A,H,26.0,0.895,109.2,51.3,-67.6,-39.9,A,H,24.528000000000002,1.0,1.0,108.0,74.0,1gmx,74.0,ALA,A,Observed,A,1.0,1.0,108.0,74.0,P0A6V5,74.0,A,1.0,1.0,108.0,74.0,3.40.250.10,1.0,1.0,108.0,74.0,65355.0,2.0,1.0,108.0,74.0,"['FA-DOMID:8023676', 'SF-DOMID:8036056']",H,helix,1,8.0,99.0,74.0,PF00581
74,74,81,1,A,75,ATOM,590,N,N,.,ALA,1,?,14.006799999999998,2.1686,2.6134,1.0,11.21,?,75,ALA,A,N,75,UNP,P0A6V5,75,A,75,75,75.0,A,A,H,0.0,0.9229999999999999,110.2,49.0,-60.0,-45.0,A,H,0.0,1.0,1.0,108.0,75.0,1gmx,75.0,ALA,A,Observed,A,1.0,1.0,108.0,75.0,P0A6V5,75.0,A,1.0,1.0,108.0,75.0,3.40.250.10,1.0,1.0,108.0,75.0,65355.0,2.0,1.0,108.0,75.0,"['FA-DOMID:8023676', 'SF-DOMID:8036056']",H,helix,1,8.0,99.0,75.0,PF00581
75,75,82,1,A,76,ATOM,595,N,N,.,GLN,1,?,14.269222222222224,-1.8658888888888887,0.5572222222222223,1.0,17.395555555555557,?,76,GLN,A,N,76,UNP,P0A6V5,76,Q,76,76,76.0,A,Q,H,70.0,0.897,108.8,53.9,-61.6,-40.4,A,H,35.354,1.0,1.0,108.0,76.0,1gmx,76.0,GLN,A,Observed,A,1.0,1.0,108.0,76.0,P0A6V5,76.0,Q,1.0,1.0,108.0,76.0,3.40.250.10,1.0,1.0,108.0,76.0,65355.0,2.0,1.0,108.0,76.0,"['FA-DOMID:8023676', 'SF-DOMID:8036056']",H,helix,1,8.0,99.0,76.0,PF00581
76,76,83,1,A,77,ATOM,604,N,N,.,TYR,1,?,19.861,-0.9860833333333332,4.49825,1.0,19.944166666666668,?,77,TYR,A,N,77,UNP,P0A6V5,77,Y,77,77,77.0,A,Y,H,100.0,0.924,107.1,50.6,-58.4,-45.2,A,H,45.045,1.0,1.0,108.0,77.0,1gmx,77.0,TYR,A,Observed,A,1.0,1.0,108.0,77.0,P0A6V5,77.0,Y,1.0,1.0,108.0,77.0,3.40.250.10,1.0,1.0,108.0,77.0,65355.0,2.0,1.0,108.0,77.0,"['FA-DOMID:8023676', 'SF-DOMID:8036056']",H,helix,1,8.0,99.0,77.0,PF00581
77,77,84,1,A,78,ATOM,616,N,N,.,LEU,1,?,15.89075,0.5373749999999999,6.830375,1.0,11.78,?,78,LEU,A,N,78,UNP,P0A6V5,78,L,78,78,78.0,A,L,H,4.0,0.9009999999999999,108.1,52.5,-61.2,-41.8,A,H,2.439,1.0,1.0,108.0,78.0,1gmx,78.0,LEU,A,Observed,A,1.0,1.0,108.0,78.0,P0A6V5,78.0,L,1.0,1.0,108.0,78.0,3.40.250.10,1.0,1.0,108.0,78.0,65355.0,2.0,1.0,108.0,78.0,"['FA-DOMID:8023676', 'SF-DOMID:8036056']",H,helix,1,8.0,99.0,78.0,PF00581
78,78,85,1,A,79,ATOM,624,N,N,.,LEU,1,?,12.644,-2.999375,4.9465,1.0,16.13,?,79,LEU,A,N,79,UNP,P0A6V5,79,L,79,79,79.0,A,L,H,21.0,0.932,107.2,53.5,-56.3,-44.2,A,H,12.805,1.0,1.0,108.0,79.0,1gmx,79.0,LEU,A,Observed,A,1.0,1.0,108.0,79.0,P0A6V5,79.0,L,1.0,1.0,108.0,79.0,3.40.250.10,1.0,1.0,108.0,79.0,65355.0,2.0,1.0,108.0,79.0,"['FA-DOMID:8023676', 'SF-DOMID:8036056']",H,helix,1,8.0,99.0,79.0,PF00581
79,79,87,1,A,80,ATOM,632,N,N,.,GLN,1,?,17.07911111111111,-5.301777777777779,3.6935555555555553,1.0,19.722222222222218,?,80,GLN,A,N,80,UNP,P0A6V5,80,Q,80,80,80.0,A,Q,H,132.0,0.8029999999999999,104.4,55.5,-63.0,-29.3,A,H,66.667,1.0,1.0,108.0,80.0,1gmx,80.0,GLN,A,Observed,A,1.0,1.0,108.0,80.0,P0A6V5,80.0,Q,1.0,1.0,108.0,80.0,3.40.250.10,1.0,1.0,108.0,80.0,65355.0,2.0,1.0,108.0,80.0,"['FA-DOMID:8023676', 'SF-DOMID:8036056']",H,helix,1,8.0,99.0,80.0,PF00581
80,80,88,1,A,81,ATOM,641,N,N,.,GLN,1,?,18.565222222222218,-4.154222222222222,8.227,1.0,23.367777777777782,?,81,GLN,A,N,81,UNP,P0A6V5,81,Q,81,81,81.0,A,Q,H,67.0,0.594,133.6,-85.8,-77.6,-14.2,A,H,33.838,1.0,1.0,108.0,81.0,1gmx,81.0,GLN,A,Observed,A,1.0,1.0,108.0,81.0,P0A6V5,81.0,Q,1.0,1.0,108.0,81.0,3.40.250.10,1.0,1.0,108.0,81.0,65355.0,2.0,1.0,108.0,81.0,"['FA-DOMID:8023676', 'SF-DOMID:8036056']",H,helix,1,8.0,99.0,81.0,PF00581
81,81,89,1,A,82,ATOM,650,N,N,.,GLY,1,?,13.72375,-4.96675,10.13325,1.0,13.82,?,82,GLY,A,N,82,UNP,P0A6V5,82,G,82,82,82.0,A,G,T,31.0,0.272,80.9,137.4,128.9,-9.0,A,C,36.905,1.0,1.0,108.0,82.0,1gmx,82.0,GLY,A,Observed,A,1.0,1.0,108.0,82.0,P0A6V5,82.0,G,1.0,1.0,108.0,82.0,3.40.250.10,1.0,1.0,108.0,82.0,65355.0,2.0,1.0,108.0,82.0,"['FA-DOMID:8023676', 'SF-DOMID:8036056']",H,helix,1,8.0,99.0,82.0,PF00581
83,83,91,1,A,84,ATOM,666,N,N,.,ASP,1,?,8.0785,-4.0475,9.25675,1.0,11.5975,?,84,ASP,A,N,84,UNP,P0A6V5,84,D,84,84,84.0,A,D,S,84.0,0.684,72.3,46.7,-98.2,-22.6,A,C,51.534,1.0,1.0,108.0,84.0,1gmx,84.0,ASP,A,Observed,A,1.0,1.0,108.0,84.0,P0A6V5,84.0,D,1.0,1.0,108.0,84.0,3.40.250.10,1.0,1.0,108.0,84.0,65355.0,2.0,1.0,108.0,84.0,"['FA-DOMID:8023676', 'SF-DOMID:8036056']",T,loop,1,8.0,99.0,84.0,PF00581
84,84,92,1,A,85,ATOM,674,N,N,.,VAL,1,?,6.777857142857143,0.633,8.79557142857143,1.0,13.137142857142855,?,85,VAL,A,N,85,UNP,P0A6V5,85,V,85,85,85.0,A,V,S,45.0,-0.92,70.5,154.4,-130.7,97.8,A,C,31.69,1.0,1.0,108.0,85.0,1gmx,85.0,VAL,A,Observed,A,1.0,1.0,108.0,85.0,P0A6V5,85.0,V,1.0,1.0,108.0,85.0,3.40.250.10,1.0,1.0,108.0,85.0,65355.0,2.0,1.0,108.0,85.0,"['FA-DOMID:8023676', 'SF-DOMID:8036056']",T,loop,1,8.0,99.0,85.0,PF00581
85,85,93,1,A,86,ATOM,681,N,N,.,VAL,1,?,9.604285714285714,2.122,5.639285714285713,1.0,12.955714285714285,?,86,VAL,A,N,86,UNP,P0A6V5,86,V,86,86,86.0,A,V,E,3.0,-0.99,18.1,-170.1,-133.7,137.1,A,E,2.113,1.0,1.0,108.0,86.0,1gmx,86.0,VAL,A,Observed,A,1.0,1.0,108.0,86.0,P0A6V5,86.0,V,1.0,1.0,108.0,86.0,3.40.250.10,1.0,1.0,108.0,86.0,65355.0,2.0,1.0,108.0,86.0,"['FA-DOMID:8023676', 'SF-DOMID:8036056']",E,strand,1,8.0,99.0,86.0,PF00581
86,86,94,1,A,87,ATOM,688,N,N,.,TYR,1,?,6.472416666666668,5.222833333333333,5.088,1.0,13.373333333333333,?,87,TYR,A,N,87,UNP,P0A6V5,87,Y,87,87,87.0,A,Y,E,25.0,-0.938,15.8,-145.3,-123.3,151.0,A,E,11.261,1.0,1.0,108.0,87.0,1gmx,87.0,TYR,A,Observed,A,1.0,1.0,108.0,87.0,P0A6V5,87.0,Y,1.0,1.0,108.0,87.0,3.40.250.10,1.0,1.0,108.0,87.0,65355.0,2.0,1.0,108.0,87.0,"['FA-DOMID:8023676', 'SF-DOMID:8036056']",E,strand,1,8.0,99.0,87.0,PF00581
87,87,95,1,A,88,ATOM,700,N,N,.,SER,1,?,9.859833333333333,7.427833333333332,0.4651666666666667,1.0,10.051666666666668,?,88,SER,A,N,88,UNP,P0A6V5,88,S,88,88,88.0,A,S,E,0.0,-0.961,24.8,-131.3,-112.5,131.6,A,E,0.0,1.0,1.0,108.0,88.0,1gmx,88.0,SER,A,Observed,A,1.0,1.0,108.0,88.0,P0A6V5,88.0,S,1.0,1.0,108.0,88.0,3.40.250.10,1.0,1.0,108.0,88.0,65355.0,2.0,1.0,108.0,88.0,"['FA-DOMID:8023676', 'SF-DOMID:8036056']",E,strand,1,8.0,99.0,88.0,PF00581
88,88,96,1,A,89,ATOM,706,N,N,.,ILE,1,?,9.442375,11.59925,1.5315,1.0,9.735,?,89,ILE,A,N,89,UNP,P0A6V5,89,I,89,89,89.0,A,I,E,0.0,-0.711,19.6,-132.6,-92.1,108.4,A,E,0.0,1.0,1.0,108.0,89.0,1gmx,89.0,ILE,A,Observed,A,1.0,1.0,108.0,89.0,P0A6V5,89.0,I,1.0,1.0,108.0,89.0,3.40.250.10,1.0,1.0,108.0,89.0,65355.0,2.0,1.0,108.0,89.0,"['FA-DOMID:8023676', 'SF-DOMID:8036056']",E,strand,1,8.0,99.0,89.0,PF00581
89,89,98,1,A,90,ATOM,714,N,N,.,ASP,1,?,7.6605,11.57625,-2.945625,1.0,13.11875,?,90,ASP,A,N,90,UNP,P0A6V5,90,D,90,90,90.0,A,D,T,69.0,-0.275,88.8,19.1,-58.7,136.1,A,C,42.331,1.0,1.0,108.0,90.0,1gmx,90.0,ASP,A,Observed,A,1.0,1.0,108.0,90.0,P0A6V5,90.0,D,1.0,1.0,108.0,90.0,3.40.250.10,1.0,1.0,108.0,90.0,65355.0,2.0,1.0,108.0,90.0,"['FA-DOMID:8023676', 'SF-DOMID:8036056']",T,loop,1,8.0,99.0,90.0,PF00581
90,90,99,1,A,91,ATOM,722,N,N,.,GLY,1,?,10.6615,15.38075,-3.18425,1.0,12.1475,?,91,GLY,A,N,91,UNP,P0A6V5,91,G,91,91,91.0,A,G,T,28.0,0.264,96.5,-142.2,87.3,-15.2,A,C,33.333,1.0,1.0,108.0,91.0,1gmx,91.0,GLY,A,Observed,A,1.0,1.0,108.0,91.0,P0A6V5,91.0,G,1.0,1.0,108.0,91.0,3.40.250.10,1.0,1.0,108.0,91.0,65355.0,2.0,1.0,108.0,91.0,"['FA-DOMID:8023676', 'SF-DOMID:8036056']",H,helix,1,8.0,99.0,91.0,PF00581
91,91,100,1,A,92,ATOM,726,N,N,.,GLY,1,?,11.96475,15.88225,-0.6085,1.0,11.275,?,92,GLY,A,N,92,UNP,P0A6V5,92,G,92,92,92.0,A,G,H,0.0,-0.034,58.9,-25.1,60.5,-156.0,A,H,0.0,1.0,1.0,108.0,92.0,1gmx,92.0,GLY,A,Observed,A,1.0,1.0,108.0,92.0,P0A6V5,92.0,G,1.0,1.0,108.0,92.0,3.40.250.10,1.0,1.0,108.0,92.0,65355.0,2.0,1.0,108.0,92.0,"['FA-DOMID:8023676', 'SF-DOMID:8036056']",H,helix,1,8.0,99.0,92.0,PF00581
92,92,101,1,A,93,ATOM,730,N,N,.,PHE,1,?,14.378272727272728,20.00572727272727,2.0024545454545457,1.0,12.518181818181818,?,93,PHE,A,N,93,UNP,P0A6V5,93,F,93,93,93.0,A,F,H,24.0,0.846,133.5,64.7,-60.9,-34.5,A,H,12.183,1.0,1.0,108.0,93.0,1gmx,93.0,PHE,A,Observed,A,1.0,1.0,108.0,93.0,P0A6V5,93.0,F,1.0,1.0,108.0,93.0,3.40.250.10,1.0,1.0,108.0,93.0,65355.0,2.0,1.0,108.0,93.0,"['FA-DOMID:8023676', 'SF-DOMID:8036056']",H,helix,1,8.0,99.0,93.0,PF00581
93,93,102,1,A,94,ATOM,741,N,N,.,GLU,1,?,13.505555555555556,20.881777777777774,-2.627666666666667,1.0,17.243333333333332,?,94,GLU,A,N,94,UNP,P0A6V5,94,E,94,94,94.0,A,E,H,88.0,0.9329999999999999,106.8,42.4,-55.5,-46.4,A,H,45.361000000000004,1.0,1.0,108.0,94.0,1gmx,94.0,GLU,A,Observed,A,1.0,1.0,108.0,94.0,P0A6V5,94.0,E,1.0,1.0,108.0,94.0,3.40.250.10,1.0,1.0,108.0,94.0,65355.0,2.0,1.0,108.0,94.0,"['FA-DOMID:8023676', 'SF-DOMID:8036056']",H,helix,1,8.0,99.0,94.0,PF00581
94,94,103,1,A,95,ATOM,750,N,N,.,ALA,1,?,8.9272,19.5426,-1.0196,1.0,13.122,?,95,ALA,A,N,95,UNP,P0A6V5,95,A,95,95,95.0,A,A,H,10.0,0.8809999999999999,112.9,53.3,-68.1,-38.1,A,H,9.434,1.0,1.0,108.0,95.0,1gmx,95.0,ALA,A,Observed,A,1.0,1.0,108.0,95.0,P0A6V5,95.0,A,1.0,1.0,108.0,95.0,3.40.250.10,1.0,1.0,108.0,95.0,65355.0,2.0,1.0,108.0,95.0,"['FA-DOMID:8023676', 'SF-DOMID:8036056']",H,helix,1,8.0,99.0,95.0,PF00581
95,95,104,1,A,96,ATOM,755,N,N,.,TRP,1,?,8.921785714285715,19.453785714285715,4.867357142857143,1.0,13.220714285714285,?,96,TRP,A,N,96,UNP,P0A6V5,96,W,96,96,96.0,A,W,H,1.0,0.9520000000000001,110.6,46.0,-60.5,-51.6,A,H,0.441,1.0,1.0,108.0,96.0,1gmx,96.0,TRP,A,Observed,A,1.0,1.0,108.0,96.0,P0A6V5,96.0,W,1.0,1.0,108.0,96.0,3.40.250.10,1.0,1.0,108.0,96.0,65355.0,2.0,1.0,108.0,96.0,"['FA-DOMID:8023676', 'SF-DOMID:8036056']",H,helix,1,8.0,99.0,96.0,PF00581
96,96,105,1,A,97,ATOM,769,N,N,.,GLN,1,?,11.114222222222226,24.68911111111111,1.5001111111111107,1.0,22.651111111111113,?,97,GLN,A,N,97,UNP,P0A6V5,97,Q,97,97,97.0,A,Q,H,84.0,0.847,112.3,51.9,-61.9,-34.5,A,H,42.424,1.0,1.0,108.0,97.0,1gmx,97.0,GLN,A,Observed,A,1.0,1.0,108.0,97.0,P0A6V5,97.0,Q,1.0,1.0,108.0,97.0,3.40.250.10,1.0,1.0,108.0,97.0,65355.0,2.0,1.0,108.0,97.0,"['FA-DOMID:8023676', 'SF-DOMID:8036056']",H,helix,1,8.0,99.0,97.0,PF00581
97,97,106,1,A,98,ATOM,778,N,N,.,ARG,1,?,7.920454545454546,23.64927272727273,-2.6141818181818186,1.0,28.52909090909091,?,98,ARG,A,N,98,UNP,P0A6V5,98,R,98,98,98.0,A,R,H,171.0,0.898,119.9,33.2,-68.8,-42.4,A,H,68.952,1.0,1.0,108.0,98.0,1gmx,98.0,ARG,A,Observed,A,1.0,1.0,108.0,98.0,P0A6V5,98.0,R,1.0,1.0,108.0,98.0,3.40.250.10,1.0,1.0,108.0,98.0,65355.0,2.0,1.0,108.0,98.0,"['FA-DOMID:8023676', 'SF-DOMID:8036056']",H,helix,1,8.0,99.0,98.0,PF00581
98,98,107,1,A,99,ATOM,789,N,N,.,GLN,1,?,4.348777777777778,21.859111111111112,1.0001111111111112,1.0,26.057777777777783,?,99,GLN,A,N,99,UNP,P0A6V5,99,Q,99,99,99.0,A,Q,H,101.0,0.84,133.0,26.8,-84.3,-32.5,A,H,51.01,1.0,1.0,108.0,99.0,1gmx,99.0,GLN,A,Observed,A,1.0,1.0,108.0,99.0,P0A6V5,99.0,Q,1.0,1.0,108.0,99.0,3.40.250.10,1.0,1.0,108.0,99.0,65355.0,2.0,1.0,108.0,99.0,"['FA-DOMID:8023676', 'SF-DOMID:8036056']",H,helix,1,8.0,99.0,99.0,PF00581
