,Unnamed: 0.1,Unnamed: 0,RES,CHAIN,AA,SS_CLASS,PDB_dbResNum,PDB_dbResName,PDB_dbChainId,UniProt_dbAccessionId,UniProt_dbResNum,UniProt_dbResName,shifted Uni,AF_predictions,AF_confidence
0,0,0,1.0,A,M,C,1.0,MET,A,Q9S1H5,1.0,M,M,C,81.89
1,1,1,2.0,A,L,C,2.0,LEU,A,Q9S1H5,2.0,L,L,C,81.89
2,2,2,3.0,A,T,C,3.0,THR,A,Q9S1H5,3.0,T,T,C,81.89
3,3,3,4.0,A,T,H,4.0,THR,A,Q9S1H5,4.0,T,T,H,81.89
4,4,4,5.0,A,K,H,5.0,LYS,A,Q9S1H5,5.0,K,K,H,81.89
5,5,5,6.0,A,S,H,6.0,SER,A,Q9S1H5,6.0,S,S,H,81.89
6,6,6,7.0,A,L,H,7.0,LEU,A,Q9S1H5,7.0,L,L,H,81.89
7,7,7,8.0,A,V,H,8.0,VAL,A,Q9S1H5,8.0,V,V,H,81.89
8,8,8,9.0,A,E,H,9.0,GLU,A,Q9S1H5,9.0,E,E,H,91.9
9,9,9,10.0,A,R,H,10.0,ARG,A,Q9S1H5,10.0,R,R,H,91.9
10,10,10,11.0,A,F,H,11.0,PHE,A,Q9S1H5,11.0,F,F,H,91.9
11,11,11,12.0,A,E,C,12.0,GLU,A,Q9S1H5,12.0,E,E,C,91.9
12,12,12,13.0,A,L,C,13.0,LEU,A,Q9S1H5,13.0,L,L,C,91.9
13,13,13,14.0,A,E,E,14.0,GLU,A,Q9S1H5,14.0,E,E,E,91.9
14,14,14,15.0,A,M,E,15.0,MET,A,Q9S1H5,15.0,M,M,E,91.9
15,15,15,16.0,A,I,E,16.0,ILE,A,Q9S1H5,16.0,I,I,E,91.9
16,16,16,17.0,A,A,E,17.0,ALA,A,Q9S1H5,17.0,A,A,E,94.77
17,17,17,18.0,A,G,C,18.0,GLY,A,Q9S1H5,18.0,G,G,C,94.77
18,18,18,19.0,A,E,C,19.0,GLU,A,Q9S1H5,19.0,E,E,C,94.77
19,19,19,20.0,A,A,C,20.0,ALA,A,Q9S1H5,20.0,A,A,C,94.77
20,20,20,21.0,A,G,C,21.0,GLY,A,Q9S1H5,21.0,G,G,C,94.77
21,21,21,22.0,A,L,C,22.0,LEU,A,Q9S1H5,22.0,L,L,C,94.77
22,22,22,23.0,A,N,C,23.0,ASN,A,Q9S1H5,23.0,N,N,C,94.77
23,23,23,24.0,A,K,C,24.0,LYS,A,Q9S1H5,24.0,K,K,C,94.29
24,24,24,25.0,A,Q,C,25.0,GLN,A,Q9S1H5,25.0,Q,Q,C,94.29
25,25,25,26.0,A,I,C,26.0,ILE,A,Q9S1H5,26.0,I,I,C,94.29
26,26,26,27.0,A,K,C,27.0,LYS,A,Q9S1H5,27.0,K,K,C,94.29
27,27,27,28.0,A,N,C,28.0,ASN,A,Q9S1H5,28.0,N,N,C,94.29
28,28,28,29.0,A,T,C,29.0,THR,A,Q9S1H5,29.0,T,T,C,94.29
29,29,29,30.0,A,D,C,30.0,ASP,A,Q9S1H5,30.0,D,D,C,94.29
30,30,30,31.0,A,I,E,31.0,ILE,A,Q9S1H5,31.0,I,I,E,94.29
31,31,31,32.0,A,S,E,32.0,SER,A,Q9S1H5,32.0,S,S,E,94.29
32,32,32,33.0,A,R,C,33.0,ARG,A,Q9S1H5,33.0,R,R,C,94.29
33,33,33,34.0,A,P,C,34.0,PRO,A,Q9S1H5,34.0,P,P,C,94.29
34,34,34,35.0,A,G,H,35.0,GLY,A,Q9S1H5,35.0,G,G,H,94.29
35,35,35,36.0,A,L,H,36.0,LEU,A,Q9S1H5,36.0,L,L,H,94.29
36,36,36,37.0,A,E,H,37.0,GLU,A,Q9S1H5,37.0,E,E,H,94.29
37,37,37,38.0,A,M,H,38.0,MET,A,Q9S1H5,38.0,M,M,H,94.29
38,38,38,39.0,A,A,C,39.0,ALA,A,Q9S1H5,39.0,A,A,H,94.29
39,39,39,40.0,A,G,C,40.0,GLY,A,Q9S1H5,40.0,G,G,C,92.5
40,40,40,41.0,A,Y,C,41.0,TYR,A,Q9S1H5,41.0,Y,Y,C,92.5
41,41,41,42.0,A,F,C,42.0,PHE,A,Q9S1H5,42.0,F,F,C,92.5
42,42,42,43.0,A,S,C,43.0,SER,A,Q9S1H5,43.0,S,S,C,92.5
43,43,43,44.0,A,H,C,44.0,HIS,A,Q9S1H5,44.0,H,H,C,92.5
44,44,44,45.0,A,Y,C,45.0,TYR,A,Q9S1H5,45.0,Y,Y,C,92.5
45,45,45,46.0,A,A,C,46.0,ALA,A,Q9S1H5,46.0,A,A,C,93.25
46,46,46,47.0,A,S,C,47.0,SER,A,Q9S1H5,47.0,S,S,C,93.25
47,47,47,48.0,A,D,C,48.0,ASP,A,Q9S1H5,48.0,D,D,C,93.25
48,48,48,49.0,A,R,C,49.0,ARG,A,Q9S1H5,49.0,R,R,C,93.25
49,49,49,50.0,A,I,E,50.0,ILE,A,Q9S1H5,50.0,I,I,E,93.25
50,50,50,51.0,A,Q,E,51.0,GLN,A,Q9S1H5,51.0,Q,Q,E,93.25
51,51,51,52.0,A,L,E,52.0,LEU,A,Q9S1H5,52.0,L,L,E,93.25
52,52,52,53.0,A,L,E,53.0,LEU,A,Q9S1H5,53.0,L,L,E,93.25
53,53,53,54.0,A,G,C,54.0,GLY,A,Q9S1H5,54.0,G,G,C,94.13
54,54,54,55.0,A,T,H,55.0,THR,A,Q9S1H5,55.0,T,T,H,94.13
55,55,55,56.0,A,T,H,56.0,THR,A,Q9S1H5,56.0,T,T,H,94.13
56,56,56,57.0,A,E,H,57.0,GLU,A,Q9S1H5,57.0,E,E,H,94.13
57,57,57,58.0,A,L,H,58.0,LEU,A,Q9S1H5,58.0,L,L,H,94.13
58,58,58,59.0,A,S,H,59.0,SER,A,Q9S1H5,59.0,S,S,H,94.13
59,59,59,60.0,A,F,H,60.0,PHE,A,Q9S1H5,60.0,F,F,H,94.13
60,60,60,61.0,A,Y,H,61.0,TYR,A,Q9S1H5,61.0,Y,Y,H,93.98
61,61,61,62.0,A,N,H,62.0,ASN,A,Q9S1H5,62.0,N,N,C,93.98
62,62,62,63.0,A,L,H,63.0,LEU,A,Q9S1H5,63.0,L,L,C,93.98
63,63,63,64.0,A,L,C,64.0,LEU,A,Q9S1H5,64.0,L,L,C,93.98
64,64,64,65.0,A,P,C,65.0,PRO,A,Q9S1H5,65.0,P,P,C,93.98
65,65,65,66.0,A,D,H,66.0,ASP,A,Q9S1H5,66.0,D,D,H,93.98
66,66,66,67.0,A,E,H,67.0,GLU,A,Q9S1H5,67.0,E,E,H,93.98
67,67,67,68.0,A,E,H,68.0,GLU,A,Q9S1H5,68.0,E,E,H,93.98
68,68,68,69.0,A,R,H,69.0,ARG,A,Q9S1H5,69.0,R,R,H,93.98
69,69,69,70.0,A,K,C,70.0,LYS,A,Q9S1H5,70.0,K,K,H,92.3
70,70,70,71.0,A,G,C,71.0,GLY,A,Q9S1H5,71.0,G,G,H,92.3
71,71,71,72.0,A,R,H,72.0,ARG,A,Q9S1H5,72.0,R,R,H,92.3
72,72,72,73.0,A,M,H,73.0,MET,A,Q9S1H5,73.0,M,M,H,92.3
73,73,73,74.0,A,R,H,74.0,ARG,A,Q9S1H5,74.0,R,R,H,92.3
74,74,74,75.0,A,K,H,75.0,LYS,A,Q9S1H5,75.0,K,K,H,92.3
75,75,75,76.0,A,L,H,76.0,LEU,A,Q9S1H5,76.0,L,L,H,92.3
76,76,76,77.0,A,C,C,77.0,CYS,A,Q9S1H5,77.0,C,C,C,92.3
77,77,77,78.0,A,R,C,78.0,ARG,A,Q9S1H5,78.0,R,R,C,92.3
78,78,78,79.0,A,P,C,79.0,PRO,A,Q9S1H5,79.0,P,P,C,92.3
79,79,79,80.0,A,E,C,80.0,GLU,A,Q9S1H5,80.0,E,E,C,92.3
80,80,80,81.0,A,T,C,81.0,THR,A,Q9S1H5,81.0,T,T,C,93.73
81,81,81,82.0,A,P,C,82.0,PRO,A,Q9S1H5,82.0,P,P,C,93.73
82,82,82,83.0,A,A,C,83.0,ALA,A,Q9S1H5,83.0,A,A,C,93.73
83,83,83,84.0,A,I,E,84.0,ILE,A,Q9S1H5,84.0,I,I,E,93.73
84,84,84,85.0,A,I,E,85.0,ILE,A,Q9S1H5,85.0,I,I,E,93.73
85,85,85,86.0,A,V,E,86.0,VAL,A,Q9S1H5,86.0,V,V,E,93.73
86,86,86,87.0,A,T,C,87.0,THR,A,Q9S1H5,87.0,T,T,C,93.73
87,87,87,88.0,A,R,C,88.0,ARG,A,Q9S1H5,88.0,R,R,C,93.73
88,88,88,89.0,A,D,C,89.0,ASP,A,Q9S1H5,89.0,D,D,C,93.73
89,89,89,90.0,A,L,C,90.0,LEU,A,Q9S1H5,90.0,L,L,C,93.73
90,90,90,91.0,A,E,C,91.0,GLU,A,Q9S1H5,91.0,E,E,C,93.73
91,91,91,92.0,A,P,C,92.0,PRO,A,Q9S1H5,92.0,P,P,C,93.1
92,92,92,93.0,A,P,C,93.0,PRO,A,Q9S1H5,93.0,P,P,C,93.1
93,93,93,94.0,A,E,H,94.0,GLU,A,Q9S1H5,94.0,E,E,H,93.1
94,94,94,95.0,A,E,H,95.0,GLU,A,Q9S1H5,95.0,E,E,H,93.1
95,95,95,96.0,A,L,H,96.0,LEU,A,Q9S1H5,96.0,L,L,H,93.1
96,96,96,97.0,A,I,H,97.0,ILE,A,Q9S1H5,97.0,I,I,H,93.1
97,97,97,98.0,A,E,H,98.0,GLU,A,Q9S1H5,98.0,E,E,H,93.1
98,98,98,99.0,A,A,H,99.0,ALA,A,Q9S1H5,99.0,A,A,H,93.1
99,99,99,100.0,A,A,H,100.0,ALA,A,Q9S1H5,100.0,A,A,H,93.1
100,100,100,101.0,A,K,H,101.0,LYS,A,Q9S1H5,101.0,K,K,H,94.72
101,101,101,102.0,A,E,H,102.0,GLU,A,Q9S1H5,102.0,E,E,H,94.72
102,102,102,103.0,A,H,C,103.0,HIS,A,Q9S1H5,103.0,H,H,C,94.72
103,103,103,104.0,A,E,C,104.0,GLU,A,Q9S1H5,104.0,E,E,C,94.72
104,104,104,105.0,A,T,C,105.0,THR,A,Q9S1H5,105.0,T,T,C,94.72
105,105,105,106.0,A,P,C,106.0,PRO,A,Q9S1H5,106.0,P,P,C,94.72
106,106,106,107.0,A,L,E,107.0,LEU,A,Q9S1H5,107.0,L,L,E,94.72
107,107,107,108.0,A,I,E,108.0,ILE,A,Q9S1H5,108.0,I,I,E,94.72
108,108,108,109.0,A,T,E,109.0,THR,A,Q9S1H5,109.0,T,T,E,95.89
109,109,109,110.0,A,S,C,110.0,SER,A,Q9S1H5,110.0,S,S,C,95.89
110,110,110,111.0,A,K,C,111.0,LYS,A,Q9S1H5,111.0,K,K,C,95.89
111,111,111,112.0,A,I,C,112.0,ILE,A,Q9S1H5,112.0,I,I,C,95.89
112,112,112,113.0,A,A,C,113.0,ALA,A,Q9S1H5,113.0,A,A,C,95.89
113,113,113,114.0,A,T,H,114.0,THR,A,Q9S1H5,114.0,T,T,H,95.89
114,114,114,115.0,A,T,H,115.0,THR,A,Q9S1H5,115.0,T,T,H,95.89
115,115,115,116.0,A,Q,H,116.0,GLN,A,Q9S1H5,116.0,Q,Q,H,95.89
116,116,116,117.0,A,L,H,117.0,LEU,A,Q9S1H5,117.0,L,L,H,95.89
117,117,117,118.0,A,M,H,118.0,MET,A,Q9S1H5,118.0,M,M,H,96.48
118,118,118,119.0,A,S,H,119.0,SER,A,Q9S1H5,119.0,S,S,H,96.48
119,119,119,120.0,A,R,H,120.0,ARG,A,Q9S1H5,120.0,R,R,H,96.48
120,120,120,121.0,A,L,H,121.0,LEU,A,Q9S1H5,121.0,L,L,H,96.48
121,121,121,122.0,A,T,H,122.0,THR,A,Q9S1H5,122.0,T,T,H,96.48
122,122,122,123.0,A,T,H,123.0,THR,A,Q9S1H5,123.0,T,T,H,96.48
123,123,123,124.0,A,F,H,124.0,PHE,A,Q9S1H5,124.0,F,F,H,96.48
124,124,124,125.0,A,L,H,125.0,LEU,A,Q9S1H5,125.0,L,L,H,96.48
125,125,125,126.0,A,E,H,126.0,GLU,A,Q9S1H5,126.0,E,E,H,96.76
126,126,126,127.0,A,H,H,127.0,HIS,A,Q9S1H5,127.0,H,H,H,96.76
127,127,127,128.0,A,E,H,128.0,GLU,A,Q9S1H5,128.0,E,E,H,96.76
128,128,128,129.0,A,L,C,129.0,LEU,A,Q9S1H5,129.0,L,L,H,96.76
129,129,129,130.0,A,A,C,130.0,ALA,A,Q9S1H5,130.0,A,A,C,96.76
130,130,130,131.0,A,R,E,131.0,ARG,A,Q9S1H5,131.0,R,R,E,96.76
131,131,131,132.0,A,T,E,132.0,THR,A,Q9S1H5,132.0,T,T,E,96.76
132,132,132,133.0,A,T,E,133.0,THR,A,Q9S1H5,133.0,T,T,E,96.76
133,133,133,134.0,A,S,E,134.0,SER,A,Q9S1H5,134.0,S,S,E,96.8
134,134,134,135.0,A,L,E,135.0,LEU,A,Q9S1H5,135.0,L,L,E,96.8
135,135,135,136.0,A,H,E,136.0,HIS,A,Q9S1H5,136.0,H,H,E,96.8
136,136,136,137.0,A,G,C,137.0,GLY,A,Q9S1H5,137.0,G,G,C,96.8
137,137,137,138.0,A,V,E,138.0,VAL,A,Q9S1H5,138.0,V,V,E,96.8
138,138,138,139.0,A,L,E,139.0,LEU,A,Q9S1H5,139.0,L,L,E,95.52
139,139,139,140.0,A,V,E,140.0,VAL,A,Q9S1H5,140.0,V,V,E,95.52
140,140,140,141.0,A,D,E,141.0,ASP,A,Q9S1H5,141.0,D,D,E,95.52
141,141,141,142.0,A,V,E,142.0,VAL,A,Q9S1H5,142.0,V,V,E,95.52
142,142,142,143.0,A,Y,C,143.0,TYR,A,Q9S1H5,143.0,Y,Y,C,93.41
143,143,143,144.0,A,G,C,144.0,GLY,A,Q9S1H5,144.0,G,G,C,93.41
144,144,144,145.0,A,V,E,145.0,VAL,A,Q9S1H5,145.0,V,V,E,93.41
145,145,145,146.0,A,G,E,146.0,GLY,A,Q9S1H5,146.0,G,G,E,93.41
146,146,146,147.0,A,V,E,147.0,VAL,A,Q9S1H5,147.0,V,V,E,93.41
147,147,147,148.0,A,L,E,148.0,LEU,A,Q9S1H5,148.0,L,L,E,93.41
148,148,148,149.0,A,I,E,149.0,ILE,A,Q9S1H5,149.0,I,I,E,93.41
149,149,149,150.0,A,T,E,150.0,THR,A,Q9S1H5,150.0,T,T,E,93.41
150,150,150,151.0,A,G,E,151.0,GLY,A,Q9S1H5,151.0,G,G,E,93.41
151,151,151,152.0,A,D,C,152.0,ASP,A,Q9S1H5,152.0,D,D,C,92.61
152,152,152,153.0,A,S,C,153.0,SER,A,Q9S1H5,153.0,S,S,C,92.61
153,153,153,154.0,A,G,C,154.0,GLY,A,Q9S1H5,154.0,G,G,C,92.61
154,154,154,155.0,A,I,C,155.0,ILE,A,Q9S1H5,155.0,I,I,C,92.61
155,155,155,156.0,A,G,C,156.0,GLY,A,Q9S1H5,156.0,G,G,C,92.61
156,156,156,157.0,A,K,H,157.0,LYS,A,Q9S1H5,157.0,K,K,H,93.61
157,157,157,158.0,A,S,H,158.0,SER,A,Q9S1H5,158.0,S,S,H,93.61
158,158,158,159.0,A,E,H,159.0,GLU,A,Q9S1H5,159.0,E,E,H,93.61
159,159,159,160.0,A,T,H,160.0,THR,A,Q9S1H5,160.0,T,T,H,93.61
160,160,160,161.0,A,A,H,161.0,ALA,A,Q9S1H5,161.0,A,A,H,93.48
161,161,161,162.0,A,L,H,162.0,LEU,A,Q9S1H5,162.0,L,L,H,93.48
162,162,162,163.0,A,E,H,163.0,GLU,A,Q9S1H5,163.0,E,E,H,93.48
163,163,163,164.0,A,L,H,164.0,LEU,A,Q9S1H5,164.0,L,L,H,93.48
164,164,164,165.0,A,I,H,165.0,ILE,A,Q9S1H5,165.0,I,I,H,93.48
165,165,165,166.0,A,K,H,166.0,LYS,A,Q9S1H5,166.0,K,K,H,93.48
166,166,166,167.0,A,R,C,167.0,ARG,A,Q9S1H5,167.0,R,R,C,93.48
167,167,167,168.0,A,G,C,168.0,GLY,A,Q9S1H5,168.0,G,G,C,93.48
168,168,168,169.0,A,H,C,169.0,HIS,A,Q9S1H5,169.0,H,H,C,92.7
169,169,169,170.0,A,R,E,170.0,ARG,A,Q9S1H5,170.0,R,R,E,92.7
170,170,170,171.0,A,L,E,171.0,LEU,A,Q9S1H5,171.0,L,L,E,92.7
171,171,171,172.0,A,V,E,172.0,VAL,A,Q9S1H5,172.0,V,V,E,92.7
172,172,172,173.0,A,A,E,173.0,ALA,A,Q9S1H5,173.0,A,A,E,92.7
173,173,173,174.0,A,D,C,174.0,ASP,A,Q9S1H5,174.0,D,D,C,92.7
174,174,174,175.0,A,D,C,175.0,ASP,A,Q9S1H5,175.0,D,D,C,92.7
175,175,175,176.0,A,N,E,176.0,ASN,A,Q9S1H5,176.0,N,N,E,92.7
176,176,176,177.0,A,V,E,177.0,VAL,A,Q9S1H5,177.0,V,V,E,92.34
177,177,177,178.0,A,E,E,178.0,GLU,A,Q9S1H5,178.0,E,E,E,92.34
178,178,178,179.0,A,I,E,179.0,ILE,A,Q9S1H5,179.0,I,I,E,92.34
179,179,179,180.0,A,R,E,180.0,ARG,A,Q9S1H5,180.0,R,R,E,92.34
180,180,180,181.0,A,E,E,181.0,GLU,A,Q9S1H5,181.0,E,E,E,92.34
181,181,181,182.0,A,I,C,182.0,ILE,A,Q9S1H5,182.0,I,I,E,92.34
182,182,182,183.0,A,S,C,183.0,SER,A,Q9S1H5,183.0,S,S,E,92.34
183,183,183,184.0,A,K,C,184.0,LYS,A,Q9S1H5,184.0,K,K,C,92.34
184,184,184,185.0,A,D,C,185.0,ASP,A,Q9S1H5,185.0,D,D,C,92.34
185,185,185,186.0,A,E,C,186.0,GLU,A,Q9S1H5,186.0,E,E,E,92.68
186,186,186,187.0,A,L,E,187.0,LEU,A,Q9S1H5,187.0,L,L,E,92.68
187,187,187,188.0,A,I,E,188.0,ILE,A,Q9S1H5,188.0,I,I,E,92.68
188,188,188,189.0,A,G,E,189.0,GLY,A,Q9S1H5,189.0,G,G,E,92.68
189,189,189,190.0,A,R,E,190.0,ARG,A,Q9S1H5,190.0,R,R,E,92.68
190,190,190,191.0,A,A,C,191.0,ALA,A,Q9S1H5,191.0,A,A,C,92.68
191,191,191,192.0,A,P,C,192.0,PRO,A,Q9S1H5,192.0,P,P,C,92.68
192,192,192,193.0,A,K,C,193.0,LYS,A,Q9S1H5,193.0,K,K,C,92.68
193,193,193,194.0,A,L,C,194.0,LEU,A,Q9S1H5,194.0,L,L,C,92.68
194,194,194,195.0,A,I,C,195.0,ILE,A,Q9S1H5,195.0,I,I,C,94.92
195,195,195,196.0,A,E,C,196.0,GLU,A,Q9S1H5,196.0,E,E,C,94.92
196,196,196,197.0,A,H,C,197.0,HIS,A,Q9S1H5,197.0,H,H,C,94.92
197,197,197,198.0,A,L,E,198.0,LEU,A,Q9S1H5,198.0,L,L,E,94.92
198,198,198,199.0,A,L,E,199.0,LEU,A,Q9S1H5,199.0,L,L,E,94.92
199,199,199,200.0,A,E,E,200.0,GLU,A,Q9S1H5,200.0,E,E,E,94.92
200,200,200,201.0,A,I,E,201.0,ILE,A,Q9S1H5,201.0,I,I,E,94.92
201,201,201,202.0,A,R,C,202.0,ARG,A,Q9S1H5,202.0,R,R,C,94.92
202,202,202,203.0,A,G,C,203.0,GLY,A,Q9S1H5,203.0,G,G,C,91.33
203,203,203,204.0,A,L,C,204.0,LEU,A,Q9S1H5,204.0,L,L,C,91.33
204,204,204,205.0,A,G,E,205.0,GLY,A,Q9S1H5,205.0,G,G,E,91.33
205,205,205,206.0,A,I,E,206.0,ILE,A,Q9S1H5,206.0,I,I,E,91.33
206,206,206,207.0,A,I,E,207.0,ILE,A,Q9S1H5,207.0,I,I,E,91.33
207,207,207,208.0,A,N,E,208.0,ASN,A,Q9S1H5,208.0,N,N,E,91.33
208,208,208,209.0,A,V,H,209.0,VAL,A,Q9S1H5,209.0,V,V,H,91.33
209,209,209,210.0,A,M,H,210.0,MET,A,Q9S1H5,210.0,M,M,H,91.33
210,210,210,211.0,A,T,H,211.0,THR,A,Q9S1H5,211.0,T,T,H,91.33
211,211,211,212.0,A,L,H,212.0,LEU,A,Q9S1H5,212.0,L,L,H,91.86
212,212,212,213.0,A,F,H,213.0,PHE,A,Q9S1H5,213.0,F,F,H,91.86
213,213,213,214.0,A,G,C,214.0,GLY,A,Q9S1H5,214.0,G,G,C,91.86
214,214,214,215.0,A,A,C,215.0,ALA,A,Q9S1H5,215.0,A,A,C,91.86
215,215,215,216.0,A,G,C,216.0,GLY,A,Q9S1H5,216.0,G,G,C,91.86
216,216,216,217.0,A,S,C,217.0,SER,A,Q9S1H5,217.0,S,S,C,91.86
217,217,217,218.0,A,I,C,218.0,ILE,A,Q9S1H5,218.0,I,I,C,91.86
218,218,218,219.0,A,L,C,219.0,LEU,A,Q9S1H5,219.0,L,L,C,91.86
219,219,219,220.0,A,T,C,220.0,THR,A,Q9S1H5,220.0,T,T,C,91.54
220,220,220,221.0,A,E,E,221.0,GLU,A,Q9S1H5,221.0,E,E,E,91.54
221,221,221,222.0,A,K,E,222.0,LYS,A,Q9S1H5,222.0,K,K,E,91.54
222,222,222,223.0,A,R,E,223.0,ARG,A,Q9S1H5,223.0,R,R,E,91.54
223,223,223,224.0,A,L,C,224.0,LEU,A,Q9S1H5,224.0,L,L,E,91.54
224,224,224,225.0,A,R,C,225.0,ARG,A,Q9S1H5,225.0,R,R,E,91.54
225,225,225,226.0,A,L,E,226.0,LEU,A,Q9S1H5,226.0,L,L,E,91.54
226,226,226,227.0,A,N,E,227.0,ASN,A,Q9S1H5,227.0,N,N,E,93.6
227,227,227,228.0,A,I,E,228.0,ILE,A,Q9S1H5,228.0,I,I,E,93.6
228,228,228,229.0,A,H,E,229.0,HIS,A,Q9S1H5,229.0,H,H,E,93.6
229,229,229,230.0,A,L,E,230.0,LEU,A,Q9S1H5,230.0,L,L,E,93.6
230,230,230,231.0,A,E,E,231.0,GLU,A,Q9S1H5,231.0,E,E,E,93.6
231,231,231,232.0,A,N,C,232.0,ASN,A,Q9S1H5,232.0,N,N,E,93.6
232,232,232,246.0,A,E,C,246.0,GLU,A,Q9S1H5,246.0,E,E,C,96.32
233,233,233,247.0,A,E,E,247.0,GLU,A,Q9S1H5,247.0,E,E,E,96.32
234,234,234,248.0,A,T,E,248.0,THR,A,Q9S1H5,248.0,T,T,E,96.32
235,235,235,249.0,A,L,E,249.0,LEU,A,Q9S1H5,249.0,L,L,E,96.15
236,236,236,250.0,A,R,E,250.0,ARG,A,Q9S1H5,250.0,R,R,E,96.15
237,237,237,251.0,A,I,E,251.0,ILE,A,Q9S1H5,251.0,I,I,E,96.15
238,238,238,252.0,A,L,C,252.0,LEU,A,Q9S1H5,252.0,L,L,C,96.15
239,239,239,253.0,A,D,C,253.0,ASP,A,Q9S1H5,253.0,D,D,C,96.15
240,240,240,254.0,A,T,E,254.0,THR,A,Q9S1H5,254.0,T,T,E,96.15
241,241,241,255.0,A,E,E,255.0,GLU,A,Q9S1H5,255.0,E,E,E,96.15
242,242,242,256.0,A,I,E,256.0,ILE,A,Q9S1H5,256.0,I,I,E,96.15
243,243,243,257.0,A,T,E,257.0,THR,A,Q9S1H5,257.0,T,T,E,96.15
244,244,244,258.0,A,K,E,258.0,LYS,A,Q9S1H5,258.0,K,K,E,96.15
245,245,245,259.0,A,K,E,259.0,LYS,A,Q9S1H5,259.0,K,K,E,96.15
246,246,246,260.0,A,T,E,260.0,THR,A,Q9S1H5,260.0,T,T,E,95.14
247,247,247,261.0,A,I,E,261.0,ILE,A,Q9S1H5,261.0,I,I,E,95.14
248,248,248,262.0,A,P,E,262.0,PRO,A,Q9S1H5,262.0,P,P,E,95.14
249,249,249,263.0,A,V,C,263.0,VAL,A,Q9S1H5,263.0,V,V,E,95.14
250,250,250,264.0,A,R,C,264.0,ARG,A,Q9S1H5,264.0,R,R,C,95.14
251,251,251,265.0,A,P,C,265.0,PRO,A,Q9S1H5,265.0,P,P,C,95.14
252,252,252,266.0,A,G,C,266.0,GLY,A,Q9S1H5,266.0,G,G,C,95.14
253,253,253,267.0,A,R,C,267.0,ARG,A,Q9S1H5,267.0,R,R,C,93.74
254,254,254,268.0,A,N,C,268.0,ASN,A,Q9S1H5,268.0,N,N,C,93.74
255,255,255,269.0,A,V,H,269.0,VAL,A,Q9S1H5,269.0,V,V,H,93.74
256,256,256,270.0,A,A,H,270.0,ALA,A,Q9S1H5,270.0,A,A,H,93.74
257,257,257,271.0,A,V,H,271.0,VAL,A,Q9S1H5,271.0,V,V,H,92.98
258,258,258,272.0,A,I,H,272.0,ILE,A,Q9S1H5,272.0,I,I,H,92.98
259,259,259,273.0,A,I,H,273.0,ILE,A,Q9S1H5,273.0,I,I,H,92.98
260,260,260,274.0,A,E,H,274.0,GLU,A,Q9S1H5,274.0,E,E,H,92.98
261,261,261,275.0,A,V,H,275.0,VAL,A,Q9S1H5,275.0,V,V,H,92.98
262,262,262,276.0,A,A,H,276.0,ALA,A,Q9S1H5,276.0,A,A,H,92.98
263,263,263,277.0,A,A,H,277.0,ALA,A,Q9S1H5,277.0,A,A,H,92.98
264,264,264,278.0,A,M,H,278.0,MET,A,Q9S1H5,278.0,M,M,H,92.98
265,265,265,279.0,A,N,H,279.0,ASN,A,Q9S1H5,279.0,N,N,H,94.09
266,266,266,280.0,A,Y,H,280.0,TYR,A,Q9S1H5,280.0,Y,Y,H,94.09
267,267,267,281.0,A,R,H,281.0,ARG,A,Q9S1H5,281.0,R,R,H,94.09
268,268,268,282.0,A,L,H,282.0,LEU,A,Q9S1H5,282.0,L,L,H,94.09
269,269,269,283.0,A,N,H,283.0,ASN,A,Q9S1H5,283.0,N,N,H,94.09
270,270,270,284.0,A,I,H,284.0,ILE,A,Q9S1H5,284.0,I,I,H,94.09
271,271,271,285.0,A,M,C,285.0,MET,A,Q9S1H5,285.0,M,M,C,94.09
272,272,272,286.0,A,G,C,286.0,GLY,A,Q9S1H5,286.0,G,G,C,94.09
273,273,273,287.0,A,I,C,287.0,ILE,A,Q9S1H5,287.0,I,I,C,94.09
274,274,274,288.0,A,N,C,288.0,ASN,A,Q9S1H5,288.0,N,N,C,92.0
275,275,275,289.0,A,T,H,289.0,THR,A,Q9S1H5,289.0,T,T,H,92.0
276,276,276,290.0,A,A,H,290.0,ALA,A,Q9S1H5,290.0,A,A,H,92.0
277,277,277,291.0,A,E,H,291.0,GLU,A,Q9S1H5,291.0,E,E,H,92.0
278,278,278,292.0,A,E,H,292.0,GLU,A,Q9S1H5,292.0,E,E,H,92.0
279,279,279,293.0,A,F,H,293.0,PHE,A,Q9S1H5,293.0,F,F,H,92.0
280,280,280,294.0,A,N,H,294.0,ASN,A,Q9S1H5,294.0,N,N,H,92.0
281,281,281,295.0,A,D,H,295.0,ASP,A,Q9S1H5,295.0,D,D,H,92.0
282,282,282,296.0,A,R,H,296.0,ARG,A,Q9S1H5,296.0,R,R,H,90.6
283,283,283,297.0,A,L,H,297.0,LEU,A,Q9S1H5,297.0,L,L,H,90.6
284,284,284,298.0,A,N,C,298.0,ASN,A,Q9S1H5,298.0,N,N,H,90.6
