,Unnamed: 0.4,Unnamed: 0.3,Unnamed: 0.2,Unnamed: 0.1,Unnamed: 0,RES,CHAIN,AA,SS_CLASS,PDB_dbResNum,PDB_dbResName,PDB_dbChainId,UniProt_dbAccessionId,UniProt_dbResNum,UniProt_dbResName,shifted Uni,AF_predictions,Jpred_seq,Jpred_SS_pred
0,0,0,0,334,334,2.0,B,G,C,2.0,GLY,B,D0VWR1,1.0,,E,C,A,C
1,1,1,1,335,335,3.0,B,L,C,3.0,LEU,B,D0VWR1,2.0,,V,H,R,E
2,2,2,2,336,336,4.0,B,P,C,4.0,PRO,B,D0VWR1,3.0,,I,H,R,C
3,3,3,3,337,337,5.0,B,W,C,5.0,TRP,B,D0VWR1,4.0,,A,H,T,C
4,4,4,4,338,338,6.0,B,Y,C,6.0,TYR,B,D0VWR1,5.0,,Q,H,W,H
5,5,5,5,339,339,7.0,B,R,C,7.0,ARG,B,D0VWR1,6.0,,L,H,L,H
6,6,6,6,340,340,8.0,B,V,C,8.0,VAL,B,D0VWR1,7.0,,T,H,G,H
7,7,7,7,341,341,9.0,B,H,C,9.0,HIS,B,D0VWR1,8.0,,M,H,D,H
8,8,8,8,342,342,10.0,B,T,C,10.0,THR,B,D0VWR1,9.0,,I,H,I,H
9,9,9,9,343,343,11.0,B,V,C,11.0,VAL,B,D0VWR1,10.0,,A,H,L,H
10,10,10,10,344,344,12.0,B,L,C,12.0,LEU,B,D0VWR1,11.0,,M,H,R,C
11,11,11,11,345,345,13.0,B,I,C,13.0,ILE,B,D0VWR1,12.0,,I,H,P,C
12,12,12,12,346,346,14.0,B,N,C,14.0,ASN,B,D0VWR1,13.0,,G,H,L,C
13,13,13,13,347,347,15.0,B,D,C,15.0,ASP,B,D0VWR1,14.0,,I,H,N,C
14,14,14,14,348,348,16.0,B,P,H,16.0,PRO,B,D0VWR1,15.0,,A,H,S,C
15,15,15,15,349,349,17.0,B,G,H,17.0,GLY,B,D0VWR1,16.0,,G,H,E,C
16,16,16,16,350,350,18.0,B,R,H,18.0,ARG,B,D0VWR1,17.0,,P,H,Y,C
17,17,17,17,351,351,19.0,B,L,H,19.0,LEU,B,D0VWR1,18.0,,M,H,G,C
18,18,18,18,352,352,20.0,B,I,H,20.0,ILE,B,D0VWR1,19.0,,I,H,K,C
19,19,19,19,353,353,21.0,B,A,H,21.0,ALA,B,D0VWR1,20.0,,I,H,V,C
20,20,20,20,354,354,22.0,B,A,H,22.0,ALA,B,D0VWR1,21.0,,F,H,A,E
21,21,21,21,355,355,23.0,B,H,H,23.0,HIS,B,D0VWR1,22.0,,L,H,P,C
22,22,22,22,356,356,24.0,B,L,H,24.0,LEU,B,D0VWR1,23.0,,L,H,G,C
23,23,23,23,357,357,25.0,B,M,H,25.0,MET,B,D0VWR1,24.0,,A,H,W,C
24,24,24,24,358,358,26.0,B,H,H,26.0,HIS,B,D0VWR1,25.0,,V,H,G,C
25,25,25,25,359,359,27.0,B,T,H,27.0,THR,B,D0VWR1,26.0,,R,H,T,C
26,26,26,26,360,360,28.0,B,A,H,28.0,ALA,B,D0VWR1,27.0,,R,H,T,H
27,27,27,27,361,361,29.0,B,L,H,29.0,LEU,B,D0VWR1,28.0,,G,C,P,H
28,28,28,28,362,362,30.0,B,V,H,30.0,VAL,B,D0VWR1,29.0,,N,C,L,H
